STARTING_THREADS=20
POWER_LIMIT=110.000000
COMMITS_ROUND=10000
ENERGY_PER_TX_LIMIT=75.000000
HEURISTIC_MODE=6
JUMP_PERCENTAGE=20.000000