Effective_runtime: 106.367767	Effective_commits: 155727259	Effective_throughput: 1464045.575412	Effective_energy_per_tx: 54.311940	Pkg_power: 79.515156	Threads: 20	Elapsed time: 106.954543	Commits: 181841084	Aborts: 204889962	P-state: 1	Best-threads: 12	Steps: 0	Throughput: 1700171.668320
Effective_runtime: 98.526123	Effective_commits: 156683976	Effective_throughput: 1590278.506859	Effective_energy_per_tx: 49.861022	Pkg_power: 79.292912	Threads: 20	Elapsed time: 98.529580	Commits: 181841084	Aborts: 225726784	P-state: 1	Best-threads: 12	Steps: 0	Throughput: 1845548.151382
Effective_runtime: 101.469845	Effective_commits: 173376335	Effective_throughput: 1708648.862165	Effective_energy_per_tx: 46.320243	Pkg_power: 79.145031	Threads: 20	Elapsed time: 101.509264	Commits: 181841084	Aborts: 128571374	P-state: 1	Best-threads: 13	Steps: 0	Throughput: 1791374.273128
Effective_runtime: 103.562654	Effective_commits: 161671472	Effective_throughput: 1561098.185661	Effective_energy_per_tx: 50.874597	Pkg_power: 79.420241	Threads: 20	Elapsed time: 103.628121	Commits: 181841084	Aborts: 171143513	P-state: 1	Best-threads: 13	Steps: 0	Throughput: 1754746.514963
