Effective_runtime: 1.175917	Effective_commits: 1439991	Effective_throughput: 1224568.330184	Effective_energy_per_tx: 30.223110	Pkg_power: 37.010264	Threads: 3	Elapsed time: 1.176600	Commits: 0	Aborts: 0	P-state: 9	Best-threads: 3	Steps: 0	Throughput: 0.000000
Effective_runtime: 1.160692	Effective_commits: 1499997	Effective_throughput: 1292329.841374	Effective_energy_per_tx: 28.702539	Pkg_power: 37.093148	Threads: 3	Elapsed time: 1.161349	Commits: 0	Aborts: 0	P-state: 9	Best-threads: 3	Steps: 0	Throughput: 0.000000
Effective_runtime: 1.084386	Effective_commits: 1229997	Effective_throughput: 1134279.252730	Effective_energy_per_tx: 32.652018	Pkg_power: 37.036506	Threads: 3	Elapsed time: 1.085176	Commits: 0	Aborts: 0	P-state: 9	Best-threads: 3	Steps: 0	Throughput: 0.000000
