Effective_runtime: 1.610322	Effective_commits: 600050	Effective_throughput: 372627.440396	Effective_energy_per_tx: 111.699390	Pkg_power: 41.622258	Threads: 10	Elapsed time: 1.611483	Commits: 0	Aborts: 0	P-state: 11	Best-threads: 10	Steps: 0	Throughput: 0.000000
Effective_runtime: 1.548397	Effective_commits: 1100110	Effective_throughput: 710482.981120	Effective_energy_per_tx: 58.068053	Pkg_power: 41.256364	Threads: 10	Elapsed time: 1.549525	Commits: 0	Aborts: 0	P-state: 11	Best-threads: 10	Steps: 0	Throughput: 0.000000
Effective_runtime: 1.543021	Effective_commits: 1100110	Effective_throughput: 712958.519629	Effective_energy_per_tx: 58.477334	Pkg_power: 41.691914	Threads: 10	Elapsed time: 1.544673	Commits: 0	Aborts: 0	P-state: 11	Best-threads: 10	Steps: 0	Throughput: 0.000000
