Effective_runtime: 0.500044	Effective_commits: 1640000	Effective_throughput: 3279711.523134	Effective_energy_per_tx: 15.320566	Pkg_power: 50.247038	Threads: 1	Elapsed time: 0.500354	Commits: 0	Aborts: 0	P-state: 1	Best-threads: 1	Steps: 0	Throughput: 0.000000
Effective_runtime: 0.500528	Effective_commits: 1640000	Effective_throughput: 3276539.371540	Effective_energy_per_tx: 15.257485	Pkg_power: 49.991750	Threads: 1	Elapsed time: 0.500843	Commits: 0	Aborts: 0	P-state: 1	Best-threads: 1	Steps: 0	Throughput: 0.000000
Effective_runtime: 0.498556	Effective_commits: 1640000	Effective_throughput: 3289497.766902	Effective_energy_per_tx: 15.322390	Pkg_power: 50.402968	Threads: 1	Elapsed time: 0.498923	Commits: 0	Aborts: 0	P-state: 1	Best-threads: 1	Steps: 0	Throughput: 0.000000
