Effective_runtime: 1.511706	Effective_commits: 849745	Effective_throughput: 562110.029697	Effective_energy_per_tx: 90.724726	Pkg_power: 50.997278	Threads: 17	Elapsed time: 1.513255	Commits: 0	Aborts: 0	P-state: 8	Best-threads: 17	Steps: 0	Throughput: 0.000000
Effective_runtime: 1.542609	Effective_commits: 849745	Effective_throughput: 550849.265922	Effective_energy_per_tx: 93.282285	Pkg_power: 51.384478	Threads: 17	Elapsed time: 1.555671	Commits: 0	Aborts: 0	P-state: 8	Best-threads: 17	Steps: 0	Throughput: 0.000000
Effective_runtime: 1.503283	Effective_commits: 849745	Effective_throughput: 565259.640411	Effective_energy_per_tx: 92.556898	Pkg_power: 52.318679	Threads: 17	Elapsed time: 1.528953	Commits: 0	Aborts: 0	P-state: 8	Best-threads: 17	Steps: 0	Throughput: 0.000000
