Effective_runtime: 1.360235	Effective_commits: 1189643	Effective_throughput: 874586.464705	Effective_energy_per_tx: 68.518288	Pkg_power: 59.925167	Threads: 17	Elapsed time: 1.361964	Commits: 0	Aborts: 0	P-state: 5	Best-threads: 17	Steps: 0	Throughput: 0.000000
Effective_runtime: 1.408534	Effective_commits: 1359592	Effective_throughput: 965253.044413	Effective_energy_per_tx: 63.141339	Pkg_power: 60.947370	Threads: 17	Elapsed time: 1.456914	Commits: 0	Aborts: 0	P-state: 5	Best-threads: 17	Steps: 0	Throughput: 0.000000
Effective_runtime: 1.397549	Effective_commits: 1019694	Effective_throughput: 729630.254705	Effective_energy_per_tx: 81.459369	Pkg_power: 59.435220	Threads: 17	Elapsed time: 1.399038	Commits: 0	Aborts: 0	P-state: 5	Best-threads: 17	Steps: 0	Throughput: 0.000000
