Effective_runtime: 1.499707	Effective_commits: 600050	Effective_throughput: 400111.355581	Effective_energy_per_tx: 106.554975	Pkg_power: 42.633856	Threads: 10	Elapsed time: 1.501156	Commits: 0	Aborts: 0	P-state: 10	Best-threads: 10	Steps: 0	Throughput: 0.000000
Effective_runtime: 1.444705	Effective_commits: 1100110	Effective_throughput: 761477.010456	Effective_energy_per_tx: 55.184048	Pkg_power: 42.021384	Threads: 10	Elapsed time: 1.446006	Commits: 0	Aborts: 0	P-state: 10	Best-threads: 10	Steps: 0	Throughput: 0.000000
Effective_runtime: 1.451478	Effective_commits: 1100110	Effective_throughput: 757923.883346	Effective_energy_per_tx: 56.511815	Pkg_power: 42.831654	Threads: 10	Elapsed time: 1.452622	Commits: 0	Aborts: 0	P-state: 10	Best-threads: 10	Steps: 0	Throughput: 0.000000
