Effective_runtime: 0.576011	Effective_commits: 1640000	Effective_throughput: 2847166.129095	Effective_energy_per_tx: 14.143149	Pkg_power: 40.267894	Threads: 1	Elapsed time: 0.576402	Commits: 0	Aborts: 0	P-state: 3	Best-threads: 1	Steps: 0	Throughput: 0.000000
Effective_runtime: 0.574717	Effective_commits: 1640000	Effective_throughput: 2853580.400640	Effective_energy_per_tx: 14.092423	Pkg_power: 40.213863	Threads: 1	Elapsed time: 0.575126	Commits: 0	Aborts: 0	P-state: 3	Best-threads: 1	Steps: 0	Throughput: 0.000000
Effective_runtime: 0.575661	Effective_commits: 1640000	Effective_throughput: 2848900.917304	Effective_energy_per_tx: 14.126513	Pkg_power: 40.245037	Threads: 1	Elapsed time: 0.576055	Commits: 0	Aborts: 0	P-state: 3	Best-threads: 1	Steps: 0	Throughput: 0.000000
