Effective_runtime: 1.000123	Effective_commits: 1320132	Effective_throughput: 1319969.709724	Effective_energy_per_tx: 34.410727	Pkg_power: 45.421117	Threads: 4	Elapsed time: 1.000730	Commits: 0	Aborts: 0	P-state: 3	Best-threads: 4	Steps: 0	Throughput: 0.000000
Effective_runtime: 1.001604	Effective_commits: 1400132	Effective_throughput: 1397890.382124	Effective_energy_per_tx: 32.578675	Pkg_power: 45.541417	Threads: 4	Elapsed time: 1.002217	Commits: 0	Aborts: 0	P-state: 3	Best-threads: 4	Steps: 0	Throughput: 0.000000
Effective_runtime: 0.965412	Effective_commits: 1040096	Effective_throughput: 1077359.762562	Effective_energy_per_tx: 42.109383	Pkg_power: 45.366955	Threads: 4	Elapsed time: 0.965906	Commits: 0	Aborts: 0	P-state: 3	Best-threads: 4	Steps: 0	Throughput: 0.000000
