Effective_runtime: 0.737523	Effective_commits: 1050105	Effective_throughput: 1423826.761115	Effective_energy_per_tx: 45.613347	Pkg_power: 64.945504	Threads: 5	Elapsed time: 0.738046	Commits: 0	Aborts: 0	P-state: 0	Best-threads: 5	Steps: 0	Throughput: 0.000000
Effective_runtime: 0.754351	Effective_commits: 1050105	Effective_throughput: 1392064.142192	Effective_energy_per_tx: 46.600968	Pkg_power: 64.871536	Threads: 5	Elapsed time: 0.754899	Commits: 0	Aborts: 0	P-state: 0	Best-threads: 5	Steps: 0	Throughput: 0.000000
Effective_runtime: 0.726205	Effective_commits: 1050100	Effective_throughput: 1446010.657023	Effective_energy_per_tx: 45.284006	Pkg_power: 65.481156	Threads: 5	Elapsed time: 0.726745	Commits: 0	Aborts: 0	P-state: 0	Best-threads: 5	Steps: 0	Throughput: 0.000000
