Effective_runtime: 1.749874	Effective_commits: 899190	Effective_throughput: 513859.737003	Effective_energy_per_tx: 95.089474	Pkg_power: 48.862652	Threads: 18	Elapsed time: 1.772602	Commits: 0	Aborts: 0	P-state: 10	Best-threads: 18	Steps: 0	Throughput: 0.000000
Effective_runtime: 1.701546	Effective_commits: 719352	Effective_throughput: 422763.830070	Effective_energy_per_tx: 115.420185	Pkg_power: 48.795480	Threads: 18	Elapsed time: 1.703966	Commits: 0	Aborts: 0	P-state: 10	Best-threads: 18	Steps: 0	Throughput: 0.000000
Effective_runtime: 1.778161	Effective_commits: 1079028	Effective_throughput: 606822.418631	Effective_energy_per_tx: 81.301771	Pkg_power: 49.335737	Threads: 18	Elapsed time: 1.816128	Commits: 0	Aborts: 0	P-state: 10	Best-threads: 18	Steps: 0	Throughput: 0.000000
