Effective_runtime: 1.272671	Effective_commits: 1100000	Effective_throughput: 864324.015323	Effective_energy_per_tx: 58.324602	Pkg_power: 50.411354	Threads: 11	Elapsed time: 1.273857	Commits: 0	Aborts: 0	P-state: 6	Best-threads: 11	Steps: 0	Throughput: 0.000000
Effective_runtime: 1.296476	Effective_commits: 1320000	Effective_throughput: 1018144.455702	Effective_energy_per_tx: 49.472891	Pkg_power: 50.370550	Threads: 11	Elapsed time: 1.297418	Commits: 0	Aborts: 0	P-state: 6	Best-threads: 11	Steps: 0	Throughput: 0.000000
Effective_runtime: 1.292800	Effective_commits: 660000	Effective_throughput: 510519.756567	Effective_energy_per_tx: 99.387361	Pkg_power: 50.739211	Threads: 11	Elapsed time: 1.293879	Commits: 0	Aborts: 0	P-state: 6	Best-threads: 11	Steps: 0	Throughput: 0.000000
