Effective_runtime: 1.424211	Effective_commits: 839748	Effective_throughput: 589623.227733	Effective_energy_per_tx: 80.480045	Pkg_power: 47.452904	Threads: 12	Elapsed time: 1.425663	Commits: 0	Aborts: 0	P-state: 8	Best-threads: 12	Steps: 0	Throughput: 0.000000
Effective_runtime: 1.447339	Effective_commits: 1199640	Effective_throughput: 828859.241007	Effective_energy_per_tx: 56.736897	Pkg_power: 47.026901	Threads: 12	Elapsed time: 1.448589	Commits: 0	Aborts: 0	P-state: 8	Best-threads: 12	Steps: 0	Throughput: 0.000000
Effective_runtime: 1.425186	Effective_commits: 1079676	Effective_throughput: 757568.307726	Effective_energy_per_tx: 61.876631	Pkg_power: 46.875774	Threads: 12	Elapsed time: 1.426385	Commits: 0	Aborts: 0	P-state: 8	Best-threads: 12	Steps: 0	Throughput: 0.000000
