Effective_runtime: 0.933880	Effective_commits: 599820	Effective_throughput: 642288.345629	Effective_energy_per_tx: 108.618327	Pkg_power: 69.764286	Threads: 12	Elapsed time: 0.934721	Commits: 0	Aborts: 0	P-state: 1	Best-threads: 12	Steps: 0	Throughput: 0.000000
Effective_runtime: 0.940867	Effective_commits: 839748	Effective_throughput: 892525.855473	Effective_energy_per_tx: 78.130220	Pkg_power: 69.733241	Threads: 12	Elapsed time: 0.941759	Commits: 0	Aborts: 0	P-state: 1	Best-threads: 12	Steps: 0	Throughput: 0.000000
Effective_runtime: 0.913296	Effective_commits: 479856	Effective_throughput: 525411.418768	Effective_energy_per_tx: 134.427189	Pkg_power: 70.629580	Threads: 12	Elapsed time: 0.914137	Commits: 0	Aborts: 0	P-state: 1	Best-threads: 12	Steps: 0	Throughput: 0.000000
