Effective_runtime: 1.342477	Effective_commits: 1280128	Effective_throughput: 953556.582855	Effective_energy_per_tx: 63.128911	Pkg_power: 60.196989	Threads: 16	Elapsed time: 1.343753	Commits: 0	Aborts: 0	P-state: 4	Best-threads: 16	Steps: 0	Throughput: 0.000000
Effective_runtime: 1.307423	Effective_commits: 960080	Effective_throughput: 734329.972007	Effective_energy_per_tx: 83.259234	Pkg_power: 61.139751	Threads: 16	Elapsed time: 1.308803	Commits: 0	Aborts: 0	P-state: 4	Best-threads: 16	Steps: 0	Throughput: 0.000000
Effective_runtime: 1.299759	Effective_commits: 960096	Effective_throughput: 738672.042921	Effective_energy_per_tx: 81.415792	Pkg_power: 60.139569	Threads: 16	Elapsed time: 1.300891	Commits: 0	Aborts: 0	P-state: 4	Best-threads: 16	Steps: 0	Throughput: 0.000000
