Effective_runtime: 1.242546	Effective_commits: 1120112	Effective_throughput: 901465.154266	Effective_energy_per_tx: 47.941958	Pkg_power: 43.218005	Threads: 8	Elapsed time: 1.243673	Commits: 0	Aborts: 0	P-state: 8	Best-threads: 8	Steps: 0	Throughput: 0.000000
Effective_runtime: 1.246163	Effective_commits: 1120104	Effective_throughput: 898842.525028	Effective_energy_per_tx: 47.825690	Pkg_power: 42.987764	Threads: 8	Elapsed time: 1.247153	Commits: 0	Aborts: 0	P-state: 8	Best-threads: 8	Steps: 0	Throughput: 0.000000
Effective_runtime: 1.209931	Effective_commits: 1120112	Effective_throughput: 925765.310685	Effective_energy_per_tx: 46.705143	Pkg_power: 43.238001	Threads: 8	Elapsed time: 1.211036	Commits: 0	Aborts: 0	P-state: 8	Best-threads: 8	Steps: 0	Throughput: 0.000000
