Effective_runtime: 1.288426	Effective_commits: 659802	Effective_throughput: 512099.218555	Effective_energy_per_tx: 77.837059	Pkg_power: 39.860297	Threads: 6	Elapsed time: 1.289380	Commits: 0	Aborts: 0	P-state: 9	Best-threads: 6	Steps: 0	Throughput: 0.000000
Effective_runtime: 1.234502	Effective_commits: 1139652	Effective_throughput: 923167.375494	Effective_energy_per_tx: 43.026426	Pkg_power: 39.720593	Threads: 6	Elapsed time: 1.235467	Commits: 0	Aborts: 0	P-state: 9	Best-threads: 6	Steps: 0	Throughput: 0.000000
Effective_runtime: 1.375844	Effective_commits: 1139658	Effective_throughput: 828333.926362	Effective_energy_per_tx: 48.429793	Pkg_power: 40.116041	Threads: 6	Elapsed time: 1.376813	Commits: 0	Aborts: 0	P-state: 9	Best-threads: 6	Steps: 0	Throughput: 0.000000
