Effective_runtime: 1.330815	Effective_commits: 1079028	Effective_throughput: 810802.521234	Effective_energy_per_tx: 80.525589	Pkg_power: 65.290350	Threads: 18	Elapsed time: 1.332251	Commits: 0	Aborts: 0	P-state: 3	Best-threads: 18	Steps: 0	Throughput: 0.000000
Effective_runtime: 1.326514	Effective_commits: 1079028	Effective_throughput: 813431.553743	Effective_energy_per_tx: 80.279985	Pkg_power: 65.302273	Threads: 18	Elapsed time: 1.327740	Commits: 0	Aborts: 0	P-state: 3	Best-threads: 18	Steps: 0	Throughput: 0.000000
Effective_runtime: 1.307889	Effective_commits: 1079010	Effective_throughput: 825001.122228	Effective_energy_per_tx: 79.209007	Pkg_power: 65.347520	Threads: 18	Elapsed time: 1.309370	Commits: 0	Aborts: 0	P-state: 3	Best-threads: 18	Steps: 0	Throughput: 0.000000
