Effective_runtime: 0.845941	Effective_commits: 1640000	Effective_throughput: 1938669.034790	Effective_energy_per_tx: 17.554969	Pkg_power: 34.033275	Threads: 1	Elapsed time: 0.846519	Commits: 0	Aborts: 0	P-state: 10	Best-threads: 1	Steps: 0	Throughput: 0.000000
Effective_runtime: 0.840398	Effective_commits: 1640000	Effective_throughput: 1951456.468464	Effective_energy_per_tx: 17.448380	Pkg_power: 34.049755	Threads: 1	Elapsed time: 0.840939	Commits: 0	Aborts: 0	P-state: 10	Best-threads: 1	Steps: 0	Throughput: 0.000000
Effective_runtime: 0.838000	Effective_commits: 1640000	Effective_throughput: 1957041.661076	Effective_energy_per_tx: 17.287420	Pkg_power: 33.832200	Threads: 1	Elapsed time: 0.838469	Commits: 0	Aborts: 0	P-state: 10	Best-threads: 1	Steps: 0	Throughput: 0.000000
