Effective_runtime: 0.967374	Effective_commits: 559832	Effective_throughput: 578713.181923	Effective_energy_per_tx: 127.401808	Pkg_power: 73.729106	Threads: 14	Elapsed time: 0.968544	Commits: 0	Aborts: 0	P-state: 1	Best-threads: 14	Steps: 0	Throughput: 0.000000
Effective_runtime: 0.942940	Effective_commits: 559832	Effective_throughput: 593709.238545	Effective_energy_per_tx: 122.971518	Pkg_power: 73.009326	Threads: 14	Elapsed time: 0.944111	Commits: 0	Aborts: 0	P-state: 1	Best-threads: 14	Steps: 0	Throughput: 0.000000
Effective_runtime: 0.945254	Effective_commits: 559832	Effective_throughput: 592255.671642	Effective_energy_per_tx: 123.647902	Pkg_power: 73.231171	Threads: 14	Elapsed time: 0.946148	Commits: 0	Aborts: 0	P-state: 1	Best-threads: 14	Steps: 0	Throughput: 0.000000
