Effective_runtime: 1.408917	Effective_commits: 1080000	Effective_throughput: 766546.149358	Effective_energy_per_tx: 55.996900	Pkg_power: 42.924208	Threads: 9	Elapsed time: 1.410053	Commits: 0	Aborts: 0	P-state: 9	Best-threads: 9	Steps: 0	Throughput: 0.000000
Effective_runtime: 1.390960	Effective_commits: 990000	Effective_throughput: 711738.651735	Effective_energy_per_tx: 60.511640	Pkg_power: 43.068473	Threads: 9	Elapsed time: 1.392204	Commits: 0	Aborts: 0	P-state: 9	Best-threads: 9	Steps: 0	Throughput: 0.000000
Effective_runtime: 1.346777	Effective_commits: 1170000	Effective_throughput: 868740.392455	Effective_energy_per_tx: 49.122898	Pkg_power: 42.675046	Threads: 9	Elapsed time: 1.347771	Commits: 0	Aborts: 0	P-state: 9	Best-threads: 9	Steps: 0	Throughput: 0.000000
