Effective_runtime: 1.321087	Effective_commits: 949525	Effective_throughput: 718745.458663	Effective_energy_per_tx: 92.968675	Pkg_power: 66.820813	Threads: 19	Elapsed time: 1.322516	Commits: 0	Aborts: 0	P-state: 3	Best-threads: 19	Steps: 0	Throughput: 0.000000
Effective_runtime: 1.323535	Effective_commits: 1139411	Effective_throughput: 860884.472676	Effective_energy_per_tx: 77.467205	Pkg_power: 66.690314	Threads: 19	Elapsed time: 1.324866	Commits: 0	Aborts: 0	P-state: 3	Best-threads: 19	Steps: 0	Throughput: 0.000000
Effective_runtime: 1.335057	Effective_commits: 1139430	Effective_throughput: 853468.942467	Effective_energy_per_tx: 78.454587	Pkg_power: 66.958553	Threads: 19	Elapsed time: 1.336744	Commits: 0	Aborts: 0	P-state: 3	Best-threads: 19	Steps: 0	Throughput: 0.000000
