Effective_runtime: 1.005328	Effective_commits: 1560136	Effective_throughput: 1551866.906673	Effective_energy_per_tx: 24.488629	Pkg_power: 38.003092	Threads: 2	Elapsed time: 1.005967	Commits: 0	Aborts: 0	P-state: 7	Best-threads: 2	Steps: 0	Throughput: 0.000000
Effective_runtime: 1.002155	Effective_commits: 1560132	Effective_throughput: 1556776.485045	Effective_energy_per_tx: 24.358338	Pkg_power: 37.920488	Threads: 2	Elapsed time: 1.002776	Commits: 0	Aborts: 0	P-state: 7	Best-threads: 2	Steps: 0	Throughput: 0.000000
Effective_runtime: 1.013109	Effective_commits: 1540138	Effective_throughput: 1520209.659743	Effective_energy_per_tx: 24.961950	Pkg_power: 37.947398	Threads: 2	Elapsed time: 1.013771	Commits: 0	Aborts: 0	P-state: 7	Best-threads: 2	Steps: 0	Throughput: 0.000000
