Effective_runtime: 1.281146	Effective_commits: 839748	Effective_throughput: 655466.060919	Effective_energy_per_tx: 60.149219	Pkg_power: 39.425771	Threads: 6	Elapsed time: 1.282196	Commits: 0	Aborts: 0	P-state: 10	Best-threads: 6	Steps: 0	Throughput: 0.000000
Effective_runtime: 1.321191	Effective_commits: 1079676	Effective_throughput: 817198.897350	Effective_energy_per_tx: 47.448207	Pkg_power: 38.774622	Threads: 6	Elapsed time: 1.322197	Commits: 0	Aborts: 0	P-state: 10	Best-threads: 6	Steps: 0	Throughput: 0.000000
Effective_runtime: 1.326695	Effective_commits: 1139658	Effective_throughput: 859020.631156	Effective_energy_per_tx: 45.104904	Pkg_power: 38.746043	Threads: 6	Elapsed time: 1.327664	Commits: 0	Aborts: 0	P-state: 10	Best-threads: 6	Steps: 0	Throughput: 0.000000
