Effective_runtime: 1.020588	Effective_commits: 1399573	Effective_throughput: 1371339.622608	Effective_energy_per_tx: 34.089508	Pkg_power: 46.748293	Threads: 7	Elapsed time: 1.021311	Commits: 0	Aborts: 0	P-state: 5	Best-threads: 7	Steps: 0	Throughput: 0.000000
Effective_runtime: 1.066665	Effective_commits: 1259622	Effective_throughput: 1180897.870920	Effective_energy_per_tx: 39.643662	Pkg_power: 46.815116	Threads: 7	Elapsed time: 1.067430	Commits: 0	Aborts: 0	P-state: 5	Best-threads: 7	Steps: 0	Throughput: 0.000000
Effective_runtime: 1.119727	Effective_commits: 1329594	Effective_throughput: 1187426.645810	Effective_energy_per_tx: 39.575703	Pkg_power: 46.993244	Threads: 7	Elapsed time: 1.120620	Commits: 0	Aborts: 0	P-state: 5	Best-threads: 7	Steps: 0	Throughput: 0.000000
