Effective_runtime: 0.847397	Effective_commits: 489853	Effective_throughput: 578068.218325	Effective_energy_per_tx: 106.036901	Pkg_power: 61.296562	Threads: 7	Elapsed time: 0.848026	Commits: 0	Aborts: 0	P-state: 1	Best-threads: 7	Steps: 0	Throughput: 0.000000
Effective_runtime: 0.802964	Effective_commits: 419874	Effective_throughput: 522905.081767	Effective_energy_per_tx: 121.374427	Pkg_power: 63.467304	Threads: 7	Elapsed time: 0.803589	Commits: 0	Aborts: 0	P-state: 1	Best-threads: 7	Steps: 0	Throughput: 0.000000
Effective_runtime: 0.853916	Effective_commits: 979706	Effective_throughput: 1147309.345711	Effective_energy_per_tx: 53.507625	Pkg_power: 61.389798	Threads: 7	Elapsed time: 0.854589	Commits: 0	Aborts: 0	P-state: 1	Best-threads: 7	Steps: 0	Throughput: 0.000000
