Effective_runtime: 1.778403	Effective_commits: 759620	Effective_throughput: 427136.131752	Effective_energy_per_tx: 115.150714	Pkg_power: 49.185030	Threads: 19	Elapsed time: 1.780362	Commits: 0	Aborts: 0	P-state: 10	Best-threads: 19	Steps: 0	Throughput: 0.000000
Effective_runtime: 1.776313	Effective_commits: 759620	Effective_throughput: 427638.592181	Effective_energy_per_tx: 116.126637	Pkg_power: 49.660232	Threads: 19	Elapsed time: 1.811854	Commits: 0	Aborts: 0	P-state: 10	Best-threads: 19	Steps: 0	Throughput: 0.000000
Effective_runtime: 1.892438	Effective_commits: 949525	Effective_throughput: 501746.971962	Effective_energy_per_tx: 97.802300	Pkg_power: 49.072008	Threads: 19	Elapsed time: 1.932042	Commits: 0	Aborts: 0	P-state: 10	Best-threads: 19	Steps: 0	Throughput: 0.000000
