Effective_runtime: 1.065969	Effective_commits: 1329601	Effective_throughput: 1247316.298420	Effective_energy_per_tx: 40.251716	Pkg_power: 50.206622	Threads: 7	Elapsed time: 1.066814	Commits: 0	Aborts: 0	P-state: 3	Best-threads: 7	Steps: 0	Throughput: 0.000000
Effective_runtime: 1.091795	Effective_commits: 1049685	Effective_throughput: 961430.534115	Effective_energy_per_tx: 51.618718	Pkg_power: 49.627812	Threads: 7	Elapsed time: 1.092508	Commits: 0	Aborts: 0	P-state: 3	Best-threads: 7	Steps: 0	Throughput: 0.000000
Effective_runtime: 1.053656	Effective_commits: 909727	Effective_throughput: 863400.167495	Effective_energy_per_tx: 57.555966	Pkg_power: 49.693830	Threads: 7	Elapsed time: 1.054492	Commits: 0	Aborts: 0	P-state: 3	Best-threads: 7	Steps: 0	Throughput: 0.000000
