Effective_runtime: 1.193258	Effective_commits: 1199640	Effective_throughput: 1005348.218036	Effective_energy_per_tx: 56.632649	Pkg_power: 56.935533	Threads: 12	Elapsed time: 1.194502	Commits: 0	Aborts: 0	P-state: 3	Best-threads: 12	Steps: 0	Throughput: 0.000000
Effective_runtime: 1.169364	Effective_commits: 959700	Effective_throughput: 820702.782784	Effective_energy_per_tx: 69.264708	Pkg_power: 56.845738	Threads: 12	Elapsed time: 1.170355	Commits: 0	Aborts: 0	P-state: 3	Best-threads: 12	Steps: 0	Throughput: 0.000000
Effective_runtime: 1.215949	Effective_commits: 1319604	Effective_throughput: 1085246.348908	Effective_energy_per_tx: 52.317094	Pkg_power: 56.776936	Threads: 12	Elapsed time: 1.216904	Commits: 0	Aborts: 0	P-state: 3	Best-threads: 12	Steps: 0	Throughput: 0.000000
