Effective_runtime: 1.493641	Effective_commits: 1080000	Effective_throughput: 723065.301337	Effective_energy_per_tx: 56.812565	Pkg_power: 41.079194	Threads: 9	Elapsed time: 1.494756	Commits: 0	Aborts: 0	P-state: 11	Best-threads: 9	Steps: 0	Throughput: 0.000000
Effective_runtime: 1.600192	Effective_commits: 809991	Effective_throughput: 506183.725015	Effective_energy_per_tx: 80.071802	Pkg_power: 40.531043	Threads: 9	Elapsed time: 1.601647	Commits: 0	Aborts: 0	P-state: 11	Best-threads: 9	Steps: 0	Throughput: 0.000000
Effective_runtime: 1.523060	Effective_commits: 1080000	Effective_throughput: 709098.589166	Effective_energy_per_tx: 56.804823	Pkg_power: 40.280220	Threads: 9	Elapsed time: 1.524346	Commits: 0	Aborts: 0	P-state: 11	Best-threads: 9	Steps: 0	Throughput: 0.000000
