Effective_runtime: 1.026186	Effective_commits: 600060	Effective_throughput: 584747.590832	Effective_energy_per_tx: 142.514577	Pkg_power: 83.335055	Threads: 20	Elapsed time: 1.027885	Commits: 0	Aborts: 0	P-state: 1	Best-threads: 20	Steps: 0	Throughput: 0.000000
Effective_runtime: 1.034744	Effective_commits: 600060	Effective_throughput: 579911.282871	Effective_energy_per_tx: 143.690299	Pkg_power: 83.327626	Threads: 20	Elapsed time: 1.036129	Commits: 0	Aborts: 0	P-state: 1	Best-threads: 20	Steps: 0	Throughput: 0.000000
Effective_runtime: 1.033369	Effective_commits: 600060	Effective_throughput: 580683.185680	Effective_energy_per_tx: 143.527049	Pkg_power: 83.343744	Threads: 20	Elapsed time: 1.035003	Commits: 0	Aborts: 0	P-state: 1	Best-threads: 20	Steps: 0	Throughput: 0.000000
