Effective_runtime: 1.101506	Effective_commits: 1100100	Effective_throughput: 998723.971933	Effective_energy_per_tx: 56.234923	Pkg_power: 56.163166	Threads: 10	Elapsed time: 1.102366	Commits: 0	Aborts: 0	P-state: 2	Best-threads: 10	Steps: 0	Throughput: 0.000000
Effective_runtime: 1.122069	Effective_commits: 1200120	Effective_throughput: 1069559.483498	Effective_energy_per_tx: 51.955477	Pkg_power: 55.569473	Threads: 10	Elapsed time: 1.122942	Commits: 0	Aborts: 0	P-state: 2	Best-threads: 10	Steps: 0	Throughput: 0.000000
Effective_runtime: 1.145968	Effective_commits: 1400140	Effective_throughput: 1221796.593276	Effective_energy_per_tx: 45.146301	Pkg_power: 55.159597	Threads: 10	Elapsed time: 1.147058	Commits: 0	Aborts: 0	P-state: 2	Best-threads: 10	Steps: 0	Throughput: 0.000000
