Effective_runtime: 0.979438	Effective_commits: 749325	Effective_throughput: 765056.317518	Effective_energy_per_tx: 97.688094	Pkg_power: 74.736893	Threads: 15	Elapsed time: 0.980601	Commits: 0	Aborts: 0	P-state: 1	Best-threads: 15	Steps: 0	Throughput: 0.000000
Effective_runtime: 0.956422	Effective_commits: 449595	Effective_throughput: 470079.958270	Effective_energy_per_tx: 160.799282	Pkg_power: 75.588520	Threads: 15	Elapsed time: 0.957632	Commits: 0	Aborts: 0	P-state: 1	Best-threads: 15	Steps: 0	Throughput: 0.000000
Effective_runtime: 0.992529	Effective_commits: 899190	Effective_throughput: 905958.158830	Effective_energy_per_tx: 82.453419	Pkg_power: 74.699348	Threads: 15	Elapsed time: 0.993866	Commits: 0	Aborts: 0	P-state: 1	Best-threads: 15	Steps: 0	Throughput: 0.000000
