Effective_runtime: 1.338666	Effective_commits: 949525	Effective_throughput: 709306.842174	Effective_energy_per_tx: 91.142236	Pkg_power: 64.647812	Threads: 19	Elapsed time: 1.340296	Commits: 0	Aborts: 0	P-state: 4	Best-threads: 19	Steps: 0	Throughput: 0.000000
Effective_runtime: 1.354108	Effective_commits: 949525	Effective_throughput: 701217.979056	Effective_energy_per_tx: 91.568217	Pkg_power: 64.209280	Threads: 19	Elapsed time: 1.355467	Commits: 0	Aborts: 0	P-state: 4	Best-threads: 19	Steps: 0	Throughput: 0.000000
Effective_runtime: 1.356554	Effective_commits: 949525	Effective_throughput: 699953.738736	Effective_energy_per_tx: 92.553879	Pkg_power: 64.783434	Threads: 19	Elapsed time: 1.358320	Commits: 0	Aborts: 0	P-state: 4	Best-threads: 19	Steps: 0	Throughput: 0.000000
