Effective_runtime: 1.161700	Effective_commits: 1079676	Effective_throughput: 929392.738743	Effective_energy_per_tx: 62.782029	Pkg_power: 58.349162	Threads: 12	Elapsed time: 1.162628	Commits: 0	Aborts: 0	P-state: 2	Best-threads: 12	Steps: 0	Throughput: 0.000000
Effective_runtime: 1.151693	Effective_commits: 1079676	Effective_throughput: 937468.222338	Effective_energy_per_tx: 63.023585	Pkg_power: 59.082608	Threads: 12	Elapsed time: 1.152660	Commits: 0	Aborts: 0	P-state: 2	Best-threads: 12	Steps: 0	Throughput: 0.000000
Effective_runtime: 1.156403	Effective_commits: 959700	Effective_throughput: 829900.929416	Effective_energy_per_tx: 70.536415	Pkg_power: 58.538236	Threads: 12	Elapsed time: 1.157556	Commits: 0	Aborts: 0	P-state: 2	Best-threads: 12	Steps: 0	Throughput: 0.000000
