Effective_runtime: 0.855508	Effective_commits: 450000	Effective_throughput: 526003.154731	Effective_energy_per_tx: 123.437184	Pkg_power: 64.928348	Threads: 9	Elapsed time: 0.856264	Commits: 0	Aborts: 0	P-state: 1	Best-threads: 9	Steps: 0	Throughput: 0.000000
Effective_runtime: 0.893300	Effective_commits: 990000	Effective_throughput: 1108249.713588	Effective_energy_per_tx: 58.844460	Pkg_power: 65.214355	Threads: 9	Elapsed time: 0.893965	Commits: 0	Aborts: 0	P-state: 1	Best-threads: 9	Steps: 0	Throughput: 0.000000
Effective_runtime: 0.893254	Effective_commits: 989991	Effective_throughput: 1108297.513700	Effective_energy_per_tx: 58.932419	Pkg_power: 65.314653	Threads: 9	Elapsed time: 0.893955	Commits: 0	Aborts: 0	P-state: 1	Best-threads: 9	Steps: 0	Throughput: 0.000000
