Effective_runtime: 1.105303	Effective_commits: 1329594	Effective_throughput: 1202922.333862	Effective_energy_per_tx: 38.300600	Pkg_power: 46.072647	Threads: 7	Elapsed time: 1.106124	Commits: 0	Aborts: 0	P-state: 6	Best-threads: 7	Steps: 0	Throughput: 0.000000
Effective_runtime: 1.076451	Effective_commits: 1119657	Effective_throughput: 1040137.059378	Effective_energy_per_tx: 43.812133	Pkg_power: 45.570623	Threads: 7	Elapsed time: 1.077203	Commits: 0	Aborts: 0	P-state: 6	Best-threads: 7	Steps: 0	Throughput: 0.000000
Effective_runtime: 1.205470	Effective_commits: 1189643	Effective_throughput: 986870.442096	Effective_energy_per_tx: 46.344854	Pkg_power: 45.736366	Threads: 7	Elapsed time: 1.206349	Commits: 0	Aborts: 0	P-state: 6	Best-threads: 7	Steps: 0	Throughput: 0.000000
