Effective_runtime: 1.266189	Effective_commits: 1000100	Effective_throughput: 789850.379190	Effective_energy_per_tx: 89.171702	Pkg_power: 70.432303	Threads: 20	Elapsed time: 1.268156	Commits: 0	Aborts: 0	P-state: 2	Best-threads: 20	Steps: 0	Throughput: 0.000000
Effective_runtime: 1.286884	Effective_commits: 1000100	Effective_throughput: 777148.250137	Effective_energy_per_tx: 90.575488	Pkg_power: 70.390582	Threads: 20	Elapsed time: 1.288831	Commits: 0	Aborts: 0	P-state: 2	Best-threads: 20	Steps: 0	Throughput: 0.000000
Effective_runtime: 1.295168	Effective_commits: 1000100	Effective_throughput: 772177.698022	Effective_energy_per_tx: 90.966805	Pkg_power: 70.242538	Threads: 20	Elapsed time: 1.296682	Commits: 0	Aborts: 0	P-state: 2	Best-threads: 20	Steps: 0	Throughput: 0.000000
