Effective_runtime: 1.539967	Effective_commits: 899190	Effective_throughput: 583901.973187	Effective_energy_per_tx: 90.094554	Pkg_power: 52.606388	Threads: 18	Elapsed time: 1.541913	Commits: 0	Aborts: 0	P-state: 8	Best-threads: 18	Steps: 0	Throughput: 0.000000
Effective_runtime: 1.585304	Effective_commits: 1079028	Effective_throughput: 680644.259640	Effective_energy_per_tx: 76.622730	Pkg_power: 52.152821	Threads: 18	Elapsed time: 1.587214	Commits: 0	Aborts: 0	P-state: 8	Best-threads: 18	Steps: 0	Throughput: 0.000000
Effective_runtime: 1.605279	Effective_commits: 1079028	Effective_throughput: 672174.918065	Effective_energy_per_tx: 77.434380	Pkg_power: 52.049448	Threads: 18	Elapsed time: 1.607137	Commits: 0	Aborts: 0	P-state: 8	Best-threads: 18	Steps: 0	Throughput: 0.000000
