Effective_runtime: 1.402207	Effective_commits: 1259622	Effective_throughput: 898313.903096	Effective_energy_per_tx: 61.421284	Pkg_power: 55.175593	Threads: 14	Elapsed time: 1.443752	Commits: 0	Aborts: 0	P-state: 6	Best-threads: 14	Steps: 0	Throughput: 0.000000
Effective_runtime: 1.354824	Effective_commits: 979692	Effective_throughput: 723113.841877	Effective_energy_per_tx: 74.639555	Pkg_power: 53.972895	Threads: 14	Elapsed time: 1.356255	Commits: 0	Aborts: 0	P-state: 6	Best-threads: 14	Steps: 0	Throughput: 0.000000
Effective_runtime: 1.378406	Effective_commits: 979706	Effective_throughput: 710752.865422	Effective_energy_per_tx: 76.222136	Pkg_power: 54.175102	Threads: 14	Elapsed time: 1.379969	Commits: 0	Aborts: 0	P-state: 6	Best-threads: 14	Steps: 0	Throughput: 0.000000
