Effective_runtime: 1.460566	Effective_commits: 949525	Effective_throughput: 650107.745316	Effective_energy_per_tx: 91.923811	Pkg_power: 59.760382	Threads: 19	Elapsed time: 1.462385	Commits: 0	Aborts: 0	P-state: 6	Best-threads: 19	Steps: 0	Throughput: 0.000000
Effective_runtime: 1.474063	Effective_commits: 1139430	Effective_throughput: 772986.002957	Effective_energy_per_tx: 77.482895	Pkg_power: 59.893193	Threads: 19	Elapsed time: 1.476002	Commits: 0	Aborts: 0	P-state: 6	Best-threads: 19	Steps: 0	Throughput: 0.000000
Effective_runtime: 1.459927	Effective_commits: 1139430	Effective_throughput: 780470.670974	Effective_energy_per_tx: 76.911825	Pkg_power: 60.027424	Threads: 19	Elapsed time: 1.461999	Commits: 0	Aborts: 0	P-state: 6	Best-threads: 19	Steps: 0	Throughput: 0.000000
