Effective_runtime: 0.541086	Effective_commits: 1640000	Effective_throughput: 3030941.073641	Effective_energy_per_tx: 14.043930	Pkg_power: 42.566326	Threads: 1	Elapsed time: 0.541476	Commits: 0	Aborts: 0	P-state: 2	Best-threads: 1	Steps: 0	Throughput: 0.000000
Effective_runtime: 0.549038	Effective_commits: 1640000	Effective_throughput: 2987041.295072	Effective_energy_per_tx: 13.912184	Pkg_power: 41.556267	Threads: 1	Elapsed time: 0.549417	Commits: 0	Aborts: 0	P-state: 2	Best-threads: 1	Steps: 0	Throughput: 0.000000
Effective_runtime: 0.543456	Effective_commits: 1640000	Effective_throughput: 3017721.984531	Effective_energy_per_tx: 13.740244	Pkg_power: 41.464236	Threads: 1	Elapsed time: 0.543845	Commits: 0	Aborts: 0	P-state: 2	Best-threads: 1	Steps: 0	Throughput: 0.000000
