Effective_runtime: 1.553733	Effective_commits: 800080	Effective_throughput: 514940.598103	Effective_energy_per_tx: 105.273551	Pkg_power: 54.209626	Threads: 20	Elapsed time: 1.555863	Commits: 0	Aborts: 0	P-state: 8	Best-threads: 20	Steps: 0	Throughput: 0.000000
Effective_runtime: 1.558252	Effective_commits: 600060	Effective_throughput: 385085.286328	Effective_energy_per_tx: 140.537445	Pkg_power: 54.118902	Threads: 20	Elapsed time: 1.559928	Commits: 0	Aborts: 0	P-state: 8	Best-threads: 20	Steps: 0	Throughput: 0.000000
Effective_runtime: 1.598301	Effective_commits: 800080	Effective_throughput: 500581.660586	Effective_energy_per_tx: 108.122075	Pkg_power: 54.123928	Threads: 20	Elapsed time: 1.600273	Commits: 0	Aborts: 0	P-state: 8	Best-threads: 20	Steps: 0	Throughput: 0.000000
