Effective_runtime: 0.797129	Effective_commits: 800080	Effective_throughput: 1003702.038199	Effective_energy_per_tx: 58.055723	Pkg_power: 58.270648	Threads: 5	Elapsed time: 0.797606	Commits: 0	Aborts: 0	P-state: 1	Best-threads: 5	Steps: 0	Throughput: 0.000000
Effective_runtime: 0.800288	Effective_commits: 300025	Effective_throughput: 374896.437710	Effective_energy_per_tx: 156.518540	Pkg_power: 58.678243	Threads: 5	Elapsed time: 0.800807	Commits: 0	Aborts: 0	P-state: 1	Best-threads: 5	Steps: 0	Throughput: 0.000000
Effective_runtime: 0.784116	Effective_commits: 800080	Effective_throughput: 1020359.291120	Effective_energy_per_tx: 57.000761	Pkg_power: 58.161256	Threads: 5	Elapsed time: 0.784621	Commits: 0	Aborts: 0	P-state: 1	Best-threads: 5	Steps: 0	Throughput: 0.000000
