Effective_runtime: 1.229355	Effective_commits: 1119664	Effective_throughput: 910773.331240	Effective_energy_per_tx: 65.357574	Pkg_power: 59.525936	Threads: 14	Elapsed time: 1.230614	Commits: 0	Aborts: 0	P-state: 3	Best-threads: 14	Steps: 0	Throughput: 0.000000
Effective_runtime: 1.244115	Effective_commits: 1119664	Effective_throughput: 899968.604980	Effective_energy_per_tx: 66.818275	Pkg_power: 60.134350	Threads: 14	Elapsed time: 1.245352	Commits: 0	Aborts: 0	P-state: 3	Best-threads: 14	Steps: 0	Throughput: 0.000000
Effective_runtime: 1.213423	Effective_commits: 979692	Effective_throughput: 807378.779389	Effective_energy_per_tx: 74.435708	Pkg_power: 60.097811	Threads: 14	Elapsed time: 1.214498	Commits: 0	Aborts: 0	P-state: 3	Best-threads: 14	Steps: 0	Throughput: 0.000000
