Effective_runtime: 0.399197	Effective_commits: 1640000	Effective_throughput: 4108250.177736	Effective_energy_per_tx: 12.682477	Pkg_power: 52.102790	Threads: 1	Elapsed time: 0.399518	Commits: 0	Aborts: 0	P-state: 0	Best-threads: 1	Steps: 0	Throughput: 0.000000
Effective_runtime: 0.395609	Effective_commits: 1640000	Effective_throughput: 4145504.854419	Effective_energy_per_tx: 12.713553	Pkg_power: 52.704096	Threads: 1	Elapsed time: 0.395918	Commits: 0	Aborts: 0	P-state: 0	Best-threads: 1	Steps: 0	Throughput: 0.000000
Effective_runtime: 0.398638	Effective_commits: 1640000	Effective_throughput: 4114009.745939	Effective_energy_per_tx: 12.813888	Pkg_power: 52.716462	Threads: 1	Elapsed time: 0.398959	Commits: 0	Aborts: 0	P-state: 0	Best-threads: 1	Steps: 0	Throughput: 0.000000
