Effective_runtime: 1.287172	Effective_commits: 1119664	Effective_throughput: 869863.830329	Effective_energy_per_tx: 47.428941	Pkg_power: 41.256720	Threads: 7	Elapsed time: 1.288194	Commits: 0	Aborts: 0	P-state: 9	Best-threads: 7	Steps: 0	Throughput: 0.000000
Effective_runtime: 1.245764	Effective_commits: 1049685	Effective_throughput: 842603.270383	Effective_energy_per_tx: 48.368821	Pkg_power: 40.755727	Threads: 7	Elapsed time: 1.246747	Commits: 0	Aborts: 0	P-state: 9	Best-threads: 7	Steps: 0	Throughput: 0.000000
Effective_runtime: 1.362873	Effective_commits: 1049678	Effective_throughput: 770194.998105	Effective_energy_per_tx: 53.354791	Pkg_power: 41.093593	Threads: 7	Elapsed time: 1.363837	Commits: 0	Aborts: 0	P-state: 9	Best-threads: 7	Steps: 0	Throughput: 0.000000
