Effective_runtime: 1.413980	Effective_commits: 1000100	Effective_throughput: 707294.255500	Effective_energy_per_tx: 89.641502	Pkg_power: 63.402919	Threads: 20	Elapsed time: 1.415618	Commits: 0	Aborts: 0	P-state: 5	Best-threads: 20	Steps: 0	Throughput: 0.000000
Effective_runtime: 1.444728	Effective_commits: 1000100	Effective_throughput: 692241.239747	Effective_energy_per_tx: 91.659484	Pkg_power: 63.450475	Threads: 20	Elapsed time: 1.446407	Commits: 0	Aborts: 0	P-state: 5	Best-threads: 20	Steps: 0	Throughput: 0.000000
Effective_runtime: 1.410473	Effective_commits: 1000100	Effective_throughput: 709052.920545	Effective_energy_per_tx: 89.639305	Pkg_power: 63.559011	Threads: 20	Elapsed time: 1.412141	Commits: 0	Aborts: 0	P-state: 5	Best-threads: 20	Steps: 0	Throughput: 0.000000
