Effective_runtime: 1.300551	Effective_commits: 1439991	Effective_throughput: 1107216.310722	Effective_energy_per_tx: 31.767560	Pkg_power: 35.173560	Threads: 3	Elapsed time: 1.301316	Commits: 0	Aborts: 0	P-state: 11	Best-threads: 3	Steps: 0	Throughput: 0.000000
Effective_runtime: 1.364505	Effective_commits: 1469988	Effective_throughput: 1077305.217284	Effective_energy_per_tx: 32.689076	Pkg_power: 35.216113	Threads: 3	Elapsed time: 1.365333	Commits: 0	Aborts: 0	P-state: 11	Best-threads: 3	Steps: 0	Throughput: 0.000000
Effective_runtime: 1.356874	Effective_commits: 1469985	Effective_throughput: 1083361.144738	Effective_energy_per_tx: 32.714347	Pkg_power: 35.441452	Threads: 3	Elapsed time: 1.357708	Commits: 0	Aborts: 0	P-state: 11	Best-threads: 3	Steps: 0	Throughput: 0.000000
