Effective_runtime: 1.271439	Effective_commits: 1120112	Effective_throughput: 880979.765223	Effective_energy_per_tx: 71.667269	Pkg_power: 63.137414	Threads: 16	Elapsed time: 1.272594	Commits: 0	Aborts: 0	P-state: 3	Best-threads: 16	Steps: 0	Throughput: 0.000000
Effective_runtime: 1.269611	Effective_commits: 960096	Effective_throughput: 756212.797032	Effective_energy_per_tx: 83.026828	Pkg_power: 62.785949	Threads: 16	Elapsed time: 1.270763	Commits: 0	Aborts: 0	P-state: 3	Best-threads: 16	Steps: 0	Throughput: 0.000000
Effective_runtime: 1.276851	Effective_commits: 1120096	Effective_throughput: 877232.967743	Effective_energy_per_tx: 71.060828	Pkg_power: 62.336901	Threads: 16	Elapsed time: 1.278085	Commits: 0	Aborts: 0	P-state: 3	Best-threads: 16	Steps: 0	Throughput: 0.000000
