Effective_runtime: 0.801519	Effective_commits: 1139658	Effective_throughput: 1421873.152024	Effective_energy_per_tx: 46.932861	Pkg_power: 66.732576	Threads: 6	Elapsed time: 0.802122	Commits: 0	Aborts: 0	P-state: 0	Best-threads: 6	Steps: 0	Throughput: 0.000000
Effective_runtime: 0.784247	Effective_commits: 779766	Effective_throughput: 994286.328917	Effective_energy_per_tx: 67.496867	Pkg_power: 67.111212	Threads: 6	Elapsed time: 0.784893	Commits: 0	Aborts: 0	P-state: 0	Best-threads: 6	Steps: 0	Throughput: 0.000000
Effective_runtime: 0.775504	Effective_commits: 899730	Effective_throughput: 1160187.973482	Effective_energy_per_tx: 57.745787	Pkg_power: 66.995968	Threads: 6	Elapsed time: 0.776071	Commits: 0	Aborts: 0	P-state: 0	Best-threads: 6	Steps: 0	Throughput: 0.000000
