Effective_runtime: 1.148652	Effective_commits: 1300120	Effective_throughput: 1131865.838612	Effective_energy_per_tx: 47.677362	Pkg_power: 53.964377	Threads: 10	Elapsed time: 1.149470	Commits: 0	Aborts: 0	P-state: 3	Best-threads: 10	Steps: 0	Throughput: 0.000000
Effective_runtime: 1.156200	Effective_commits: 1300130	Effective_throughput: 1124485.628239	Effective_energy_per_tx: 48.206492	Pkg_power: 54.207507	Threads: 10	Elapsed time: 1.157051	Commits: 0	Aborts: 0	P-state: 3	Best-threads: 10	Steps: 0	Throughput: 0.000000
Effective_runtime: 1.164850	Effective_commits: 1300130	Effective_throughput: 1116135.421730	Effective_energy_per_tx: 48.304513	Pkg_power: 53.914378	Threads: 10	Elapsed time: 1.165701	Commits: 0	Aborts: 0	P-state: 3	Best-threads: 10	Steps: 0	Throughput: 0.000000
