Effective_runtime: 0.875794	Effective_commits: 1040104	Effective_throughput: 1187612.027645	Effective_energy_per_tx: 37.056569	Pkg_power: 44.008827	Threads: 4	Elapsed time: 0.876424	Commits: 0	Aborts: 0	P-state: 4	Best-threads: 4	Steps: 0	Throughput: 0.000000
Effective_runtime: 0.902363	Effective_commits: 1400136	Effective_throughput: 1551633.440964	Effective_energy_per_tx: 28.376906	Pkg_power: 44.030556	Threads: 4	Elapsed time: 0.903060	Commits: 0	Aborts: 0	P-state: 4	Best-threads: 4	Steps: 0	Throughput: 0.000000
Effective_runtime: 1.028120	Effective_commits: 1240116	Effective_throughput: 1206197.729496	Effective_energy_per_tx: 36.686282	Pkg_power: 44.250910	Threads: 4	Elapsed time: 1.028722	Commits: 0	Aborts: 0	P-state: 4	Best-threads: 4	Steps: 0	Throughput: 0.000000
