Effective_runtime: 1.419623	Effective_commits: 1169766	Effective_throughput: 823997.574962	Effective_energy_per_tx: 61.850736	Pkg_power: 50.964856	Threads: 13	Elapsed time: 1.420925	Commits: 0	Aborts: 0	P-state: 7	Best-threads: 13	Steps: 0	Throughput: 0.000000
Effective_runtime: 1.384920	Effective_commits: 1039792	Effective_throughput: 750795.719795	Effective_energy_per_tx: 67.804021	Pkg_power: 50.906969	Threads: 13	Elapsed time: 1.386395	Commits: 0	Aborts: 0	P-state: 7	Best-threads: 13	Steps: 0	Throughput: 0.000000
Effective_runtime: 1.393827	Effective_commits: 1039792	Effective_throughput: 745997.780081	Effective_energy_per_tx: 68.542458	Pkg_power: 51.132521	Threads: 13	Elapsed time: 1.395163	Commits: 0	Aborts: 0	P-state: 7	Best-threads: 13	Steps: 0	Throughput: 0.000000
