Effective_runtime: 1.221187	Effective_commits: 1200120	Effective_throughput: 982748.950602	Effective_energy_per_tx: 51.621394	Pkg_power: 50.730870	Threads: 10	Elapsed time: 1.222346	Commits: 0	Aborts: 0	P-state: 5	Best-threads: 10	Steps: 0	Throughput: 0.000000
Effective_runtime: 1.108207	Effective_commits: 1200120	Effective_throughput: 1082938.088348	Effective_energy_per_tx: 46.907065	Pkg_power: 50.797447	Threads: 10	Elapsed time: 1.109084	Commits: 0	Aborts: 0	P-state: 5	Best-threads: 10	Steps: 0	Throughput: 0.000000
Effective_runtime: 1.090725	Effective_commits: 1200120	Effective_throughput: 1100295.278447	Effective_energy_per_tx: 46.018230	Pkg_power: 50.633641	Threads: 10	Elapsed time: 1.091597	Commits: 0	Aborts: 0	P-state: 5	Best-threads: 10	Steps: 0	Throughput: 0.000000
