Effective_runtime: 1.650977	Effective_commits: 1210000	Effective_throughput: 732899.348983	Effective_energy_per_tx: 57.597771	Pkg_power: 42.213369	Threads: 11	Elapsed time: 1.678202	Commits: 0	Aborts: 0	P-state: 11	Best-threads: 11	Steps: 0	Throughput: 0.000000
Effective_runtime: 1.627938	Effective_commits: 1100000	Effective_throughput: 675701.306670	Effective_energy_per_tx: 61.370804	Pkg_power: 41.468332	Threads: 11	Elapsed time: 1.629297	Commits: 0	Aborts: 0	P-state: 11	Best-threads: 11	Steps: 0	Throughput: 0.000000
Effective_runtime: 1.629777	Effective_commits: 990000	Effective_throughput: 607445.034839	Effective_energy_per_tx: 69.327128	Pkg_power: 42.112420	Threads: 11	Elapsed time: 1.635318	Commits: 0	Aborts: 0	P-state: 11	Best-threads: 11	Steps: 0	Throughput: 0.000000
