Effective_runtime: 1.263814	Effective_commits: 1560132	Effective_throughput: 1234463.121415	Effective_energy_per_tx: 28.075172	Pkg_power: 34.657764	Threads: 2	Elapsed time: 1.264557	Commits: 0	Aborts: 0	P-state: 11	Best-threads: 2	Steps: 0	Throughput: 0.000000
Effective_runtime: 1.296843	Effective_commits: 1540138	Effective_throughput: 1187605.696449	Effective_energy_per_tx: 29.170253	Pkg_power: 34.642759	Threads: 2	Elapsed time: 1.297572	Commits: 0	Aborts: 0	P-state: 11	Best-threads: 2	Steps: 0	Throughput: 0.000000
Effective_runtime: 1.267657	Effective_commits: 1580132	Effective_throughput: 1246497.897777	Effective_energy_per_tx: 27.650253	Pkg_power: 34.465982	Threads: 2	Elapsed time: 1.268422	Commits: 0	Aborts: 0	P-state: 11	Best-threads: 2	Steps: 0	Throughput: 0.000000
