Effective_runtime: 1.123418	Effective_commits: 1019694	Effective_throughput: 907671.440884	Effective_energy_per_tx: 45.450063	Pkg_power: 41.253725	Threads: 6	Elapsed time: 1.124463	Commits: 0	Aborts: 0	P-state: 8	Best-threads: 6	Steps: 0	Throughput: 0.000000
Effective_runtime: 1.221709	Effective_commits: 1199640	Effective_throughput: 981936.271247	Effective_energy_per_tx: 41.764844	Pkg_power: 41.010415	Threads: 6	Elapsed time: 1.222490	Commits: 0	Aborts: 0	P-state: 8	Best-threads: 6	Steps: 0	Throughput: 0.000000
Effective_runtime: 1.219816	Effective_commits: 1079676	Effective_throughput: 885114.178898	Effective_energy_per_tx: 46.336583	Pkg_power: 41.013167	Threads: 6	Elapsed time: 1.220658	Commits: 0	Aborts: 0	P-state: 8	Best-threads: 6	Steps: 0	Throughput: 0.000000
