Effective_runtime: 1.310663	Effective_commits: 979706	Effective_throughput: 747488.917650	Effective_energy_per_tx: 75.538028	Pkg_power: 56.463839	Threads: 14	Elapsed time: 1.311851	Commits: 0	Aborts: 0	P-state: 5	Best-threads: 14	Steps: 0	Throughput: 0.000000
Effective_runtime: 1.323010	Effective_commits: 1119664	Effective_throughput: 846300.724556	Effective_energy_per_tx: 66.105152	Pkg_power: 55.944838	Threads: 14	Elapsed time: 1.324126	Commits: 0	Aborts: 0	P-state: 5	Best-threads: 14	Steps: 0	Throughput: 0.000000
Effective_runtime: 1.317450	Effective_commits: 979706	Effective_throughput: 743638.111875	Effective_energy_per_tx: 75.561578	Pkg_power: 56.190469	Threads: 14	Elapsed time: 1.318638	Commits: 0	Aborts: 0	P-state: 5	Best-threads: 14	Steps: 0	Throughput: 0.000000
