Effective_runtime: 1.443217	Effective_commits: 1189643	Effective_throughput: 824299.460895	Effective_energy_per_tx: 69.462820	Pkg_power: 57.258165	Threads: 17	Elapsed time: 1.444914	Commits: 0	Aborts: 0	P-state: 6	Best-threads: 17	Steps: 0	Throughput: 0.000000
Effective_runtime: 1.452774	Effective_commits: 1019694	Effective_throughput: 701894.216171	Effective_energy_per_tx: 82.494762	Pkg_power: 57.902596	Threads: 17	Elapsed time: 1.470503	Commits: 0	Aborts: 0	P-state: 6	Best-threads: 17	Steps: 0	Throughput: 0.000000
Effective_runtime: 1.448432	Effective_commits: 1019694	Effective_throughput: 703998.580401	Effective_energy_per_tx: 81.900689	Pkg_power: 57.657969	Threads: 17	Elapsed time: 1.450430	Commits: 0	Aborts: 0	P-state: 6	Best-threads: 17	Steps: 0	Throughput: 0.000000
