Effective_runtime: 1.534444	Effective_commits: 1079676	Effective_throughput: 703626.883258	Effective_energy_per_tx: 64.642460	Pkg_power: 45.484173	Threads: 12	Elapsed time: 1.535880	Commits: 0	Aborts: 0	P-state: 9	Best-threads: 12	Steps: 0	Throughput: 0.000000
Effective_runtime: 1.454232	Effective_commits: 719784	Effective_throughput: 494958.260826	Effective_energy_per_tx: 91.870231	Pkg_power: 45.471930	Threads: 12	Elapsed time: 1.455838	Commits: 0	Aborts: 0	P-state: 9	Best-threads: 12	Steps: 0	Throughput: 0.000000
Effective_runtime: 1.520420	Effective_commits: 1319604	Effective_throughput: 867920.605652	Effective_energy_per_tx: 52.681241	Pkg_power: 45.723135	Threads: 12	Elapsed time: 1.521760	Commits: 0	Aborts: 0	P-state: 9	Best-threads: 12	Steps: 0	Throughput: 0.000000
