Effective_runtime: 0.868001	Effective_commits: 700070	Effective_throughput: 806531.590911	Effective_energy_per_tx: 92.500888	Pkg_power: 74.604889	Threads: 10	Elapsed time: 0.868749	Commits: 0	Aborts: 0	P-state: 0	Best-threads: 10	Steps: 0	Throughput: 0.000000
Effective_runtime: 0.881234	Effective_commits: 900080	Effective_throughput: 1021385.611894	Effective_energy_per_tx: 72.857175	Pkg_power: 74.415270	Threads: 10	Elapsed time: 0.882031	Commits: 0	Aborts: 0	P-state: 0	Best-threads: 10	Steps: 0	Throughput: 0.000000
Effective_runtime: 0.873013	Effective_commits: 1200120	Effective_throughput: 1374687.516519	Effective_energy_per_tx: 54.054719	Pkg_power: 74.308347	Threads: 10	Elapsed time: 0.874000	Commits: 0	Aborts: 0	P-state: 0	Best-threads: 10	Steps: 0	Throughput: 0.000000
