Effective_runtime: 1.000568	Effective_commits: 1360128	Effective_throughput: 1359355.729620	Effective_energy_per_tx: 31.588743	Pkg_power: 42.940339	Threads: 4	Elapsed time: 1.001156	Commits: 0	Aborts: 0	P-state: 5	Best-threads: 4	Steps: 0	Throughput: 0.000000
Effective_runtime: 0.930598	Effective_commits: 1120108	Effective_throughput: 1203642.882715	Effective_energy_per_tx: 36.040199	Pkg_power: 43.379529	Threads: 4	Elapsed time: 0.931294	Commits: 0	Aborts: 0	P-state: 5	Best-threads: 4	Steps: 0	Throughput: 0.000000
Effective_runtime: 0.951801	Effective_commits: 1120108	Effective_throughput: 1176829.627573	Effective_energy_per_tx: 37.137633	Pkg_power: 43.704667	Threads: 4	Elapsed time: 0.952495	Commits: 0	Aborts: 0	P-state: 5	Best-threads: 4	Steps: 0	Throughput: 0.000000
