Effective_runtime: 0.944302	Effective_commits: 519896	Effective_throughput: 550561.321389	Effective_energy_per_tx: 130.660515	Pkg_power: 71.936626	Threads: 13	Elapsed time: 0.945137	Commits: 0	Aborts: 0	P-state: 1	Best-threads: 13	Steps: 0	Throughput: 0.000000
Effective_runtime: 0.934931	Effective_commits: 519896	Effective_throughput: 556079.702530	Effective_energy_per_tx: 128.518465	Pkg_power: 71.466510	Threads: 13	Elapsed time: 0.936156	Commits: 0	Aborts: 0	P-state: 1	Best-threads: 13	Steps: 0	Throughput: 0.000000
Effective_runtime: 0.917090	Effective_commits: 389922	Effective_throughput: 425173.265531	Effective_energy_per_tx: 168.325157	Pkg_power: 71.567357	Threads: 13	Elapsed time: 0.917967	Commits: 0	Aborts: 0	P-state: 1	Best-threads: 13	Steps: 0	Throughput: 0.000000
