Effective_runtime: 1.450587	Effective_commits: 849745	Effective_throughput: 585793.951551	Effective_energy_per_tx: 95.801488	Pkg_power: 56.119932	Threads: 17	Elapsed time: 1.452008	Commits: 0	Aborts: 0	P-state: 7	Best-threads: 17	Steps: 0	Throughput: 0.000000
Effective_runtime: 1.521424	Effective_commits: 1019694	Effective_throughput: 670223.253988	Effective_energy_per_tx: 83.636160	Pkg_power: 56.054900	Threads: 17	Elapsed time: 1.523199	Commits: 0	Aborts: 0	P-state: 7	Best-threads: 17	Steps: 0	Throughput: 0.000000
Effective_runtime: 1.492118	Effective_commits: 1019694	Effective_throughput: 683386.800818	Effective_energy_per_tx: 81.992389	Pkg_power: 56.032516	Threads: 17	Elapsed time: 1.493636	Commits: 0	Aborts: 0	P-state: 7	Best-threads: 17	Steps: 0	Throughput: 0.000000
