Effective_runtime: 1.201029	Effective_commits: 1540126	Effective_throughput: 1282338.267696	Effective_energy_per_tx: 27.349884	Pkg_power: 35.071803	Threads: 2	Elapsed time: 1.201766	Commits: 0	Aborts: 0	P-state: 10	Best-threads: 2	Steps: 0	Throughput: 0.000000
Effective_runtime: 1.203898	Effective_commits: 1500136	Effective_throughput: 1246065.273270	Effective_energy_per_tx: 28.072537	Pkg_power: 34.980214	Threads: 2	Elapsed time: 1.204590	Commits: 0	Aborts: 0	P-state: 10	Best-threads: 2	Steps: 0	Throughput: 0.000000
Effective_runtime: 1.200476	Effective_commits: 1560134	Effective_throughput: 1299596.095236	Effective_energy_per_tx: 27.018695	Pkg_power: 35.113391	Threads: 2	Elapsed time: 1.201182	Commits: 0	Aborts: 0	P-state: 10	Best-threads: 2	Steps: 0	Throughput: 0.000000
