Effective_runtime: 0.953039	Effective_commits: 599460	Effective_throughput: 628998.705736	Effective_energy_per_tx: 130.780211	Pkg_power: 82.260583	Threads: 15	Elapsed time: 0.954320	Commits: 0	Aborts: 0	P-state: 0	Best-threads: 15	Steps: 0	Throughput: 0.000000
Effective_runtime: 0.945970	Effective_commits: 599460	Effective_throughput: 633698.518675	Effective_energy_per_tx: 131.558394	Pkg_power: 83.368360	Threads: 15	Elapsed time: 0.947289	Commits: 0	Aborts: 0	P-state: 0	Best-threads: 15	Steps: 0	Throughput: 0.000000
Effective_runtime: 0.935971	Effective_commits: 599460	Effective_throughput: 640468.896140	Effective_energy_per_tx: 129.010228	Pkg_power: 82.627038	Threads: 15	Elapsed time: 0.936948	Commits: 0	Aborts: 0	P-state: 0	Best-threads: 15	Steps: 0	Throughput: 0.000000
