Effective_runtime: 1.477483	Effective_commits: 749325	Effective_throughput: 507163.113060	Effective_energy_per_tx: 99.641507	Pkg_power: 50.534497	Threads: 15	Elapsed time: 1.479215	Commits: 0	Aborts: 0	P-state: 8	Best-threads: 15	Steps: 0	Throughput: 0.000000
Effective_runtime: 1.478386	Effective_commits: 749325	Effective_throughput: 506853.350624	Effective_energy_per_tx: 97.425243	Pkg_power: 49.380311	Threads: 15	Elapsed time: 1.480128	Commits: 0	Aborts: 0	P-state: 8	Best-threads: 15	Steps: 0	Throughput: 0.000000
Effective_runtime: 1.562546	Effective_commits: 1198920	Effective_throughput: 767286.293099	Effective_energy_per_tx: 63.939370	Pkg_power: 49.059803	Threads: 15	Elapsed time: 1.575776	Commits: 0	Aborts: 0	P-state: 8	Best-threads: 15	Steps: 0	Throughput: 0.000000
