Effective_runtime: 1.219525	Effective_commits: 1299740	Effective_throughput: 1065775.640817	Effective_energy_per_tx: 54.599498	Pkg_power: 58.190815	Threads: 13	Elapsed time: 1.220766	Commits: 0	Aborts: 0	P-state: 3	Best-threads: 13	Steps: 0	Throughput: 0.000000
Effective_runtime: 1.214859	Effective_commits: 1169766	Effective_throughput: 962881.852276	Effective_energy_per_tx: 60.578138	Pkg_power: 58.329590	Threads: 13	Elapsed time: 1.216113	Commits: 0	Aborts: 0	P-state: 3	Best-threads: 13	Steps: 0	Throughput: 0.000000
Effective_runtime: 1.226795	Effective_commits: 1039792	Effective_throughput: 847567.546954	Effective_energy_per_tx: 68.479473	Pkg_power: 58.040979	Threads: 13	Elapsed time: 1.228036	Commits: 0	Aborts: 0	P-state: 3	Best-threads: 13	Steps: 0	Throughput: 0.000000
