Effective_runtime: 0.992588	Effective_commits: 719352	Effective_throughput: 724723.598407	Effective_energy_per_tx: 121.978535	Pkg_power: 88.400723	Threads: 18	Elapsed time: 0.993693	Commits: 0	Aborts: 0	P-state: 0	Best-threads: 18	Steps: 0	Throughput: 0.000000
Effective_runtime: 0.987682	Effective_commits: 719352	Effective_throughput: 728323.234329	Effective_energy_per_tx: 119.787357	Pkg_power: 87.243915	Threads: 18	Elapsed time: 0.989486	Commits: 0	Aborts: 0	P-state: 0	Best-threads: 18	Steps: 0	Throughput: 0.000000
Effective_runtime: 0.985949	Effective_commits: 899190	Effective_throughput: 912004.314526	Effective_energy_per_tx: 96.656569	Pkg_power: 88.151208	Threads: 18	Elapsed time: 0.987335	Commits: 0	Aborts: 0	P-state: 0	Best-threads: 18	Steps: 0	Throughput: 0.000000
