Effective_runtime: 0.964059	Effective_commits: 679796	Effective_throughput: 705139.197776	Effective_energy_per_tx: 121.841230	Pkg_power: 85.915027	Threads: 17	Elapsed time: 0.965229	Commits: 0	Aborts: 0	P-state: 0	Best-threads: 17	Steps: 0	Throughput: 0.000000
Effective_runtime: 0.982347	Effective_commits: 679796	Effective_throughput: 692012.229600	Effective_energy_per_tx: 123.575683	Pkg_power: 85.515884	Threads: 17	Elapsed time: 0.983533	Commits: 0	Aborts: 0	P-state: 0	Best-threads: 17	Steps: 0	Throughput: 0.000000
Effective_runtime: 0.966584	Effective_commits: 679796	Effective_throughput: 703297.023081	Effective_energy_per_tx: 121.337538	Pkg_power: 85.336329	Threads: 17	Elapsed time: 0.967586	Commits: 0	Aborts: 0	P-state: 0	Best-threads: 17	Steps: 0	Throughput: 0.000000
