Effective_runtime: 1.453857	Effective_commits: 1079028	Effective_throughput: 742182.996221	Effective_energy_per_tx: 79.206838	Pkg_power: 58.785968	Threads: 18	Elapsed time: 1.455521	Commits: 0	Aborts: 0	P-state: 6	Best-threads: 18	Steps: 0	Throughput: 0.000000
Effective_runtime: 1.462042	Effective_commits: 1079028	Effective_throughput: 738027.880134	Effective_energy_per_tx: 79.724744	Pkg_power: 58.839084	Threads: 18	Elapsed time: 1.464013	Commits: 0	Aborts: 0	P-state: 6	Best-threads: 18	Steps: 0	Throughput: 0.000000
Effective_runtime: 1.432844	Effective_commits: 1079028	Effective_throughput: 753067.536996	Effective_energy_per_tx: 78.054782	Pkg_power: 58.780522	Threads: 18	Elapsed time: 1.434931	Commits: 0	Aborts: 0	P-state: 6	Best-threads: 18	Steps: 0	Throughput: 0.000000
