Effective_runtime: 1.038088	Effective_commits: 569715	Effective_throughput: 548811.683339	Effective_energy_per_tx: 148.705714	Pkg_power: 81.611433	Threads: 19	Elapsed time: 1.039462	Commits: 0	Aborts: 0	P-state: 1	Best-threads: 19	Steps: 0	Throughput: 0.000000
Effective_runtime: 0.997218	Effective_commits: 569715	Effective_throughput: 571304.337817	Effective_energy_per_tx: 142.553306	Pkg_power: 81.441322	Threads: 19	Elapsed time: 0.998494	Commits: 0	Aborts: 0	P-state: 1	Best-threads: 19	Steps: 0	Throughput: 0.000000
Effective_runtime: 1.046877	Effective_commits: 759620	Effective_throughput: 725605.640017	Effective_energy_per_tx: 112.569248	Pkg_power: 81.680881	Threads: 19	Elapsed time: 1.048086	Commits: 0	Aborts: 0	P-state: 1	Best-threads: 19	Steps: 0	Throughput: 0.000000
