Effective_runtime: 1.125839	Effective_commits: 1350000	Effective_throughput: 1199105.274542	Effective_energy_per_tx: 43.574469	Pkg_power: 52.250375	Threads: 9	Elapsed time: 1.126802	Commits: 0	Aborts: 0	P-state: 3	Best-threads: 9	Steps: 0	Throughput: 0.000000
Effective_runtime: 1.133855	Effective_commits: 990000	Effective_throughput: 873127.616412	Effective_energy_per_tx: 59.886371	Pkg_power: 52.288444	Threads: 9	Elapsed time: 1.134593	Commits: 0	Aborts: 0	P-state: 3	Best-threads: 9	Steps: 0	Throughput: 0.000000
Effective_runtime: 1.140389	Effective_commits: 990000	Effective_throughput: 868125.070719	Effective_energy_per_tx: 60.871007	Pkg_power: 52.843647	Threads: 9	Elapsed time: 1.141128	Commits: 0	Aborts: 0	P-state: 3	Best-threads: 9	Steps: 0	Throughput: 0.000000
