Effective_runtime: 0.706612	Effective_commits: 1139997	Effective_throughput: 1613328.843984	Effective_energy_per_tx: 33.822580	Pkg_power: 54.566944	Threads: 3	Elapsed time: 0.707090	Commits: 0	Aborts: 0	P-state: 1	Best-threads: 3	Steps: 0	Throughput: 0.000000
Effective_runtime: 0.814178	Effective_commits: 1319988	Effective_throughput: 1621253.113812	Effective_energy_per_tx: 33.912140	Pkg_power: 54.980163	Threads: 3	Elapsed time: 0.814632	Commits: 0	Aborts: 0	P-state: 1	Best-threads: 3	Steps: 0	Throughput: 0.000000
Effective_runtime: 0.764845	Effective_commits: 1289988	Effective_throughput: 1686600.028227	Effective_energy_per_tx: 32.579177	Pkg_power: 54.948042	Threads: 3	Elapsed time: 0.765318	Commits: 0	Aborts: 0	P-state: 1	Best-threads: 3	Steps: 0	Throughput: 0.000000
