Effective_runtime: 1.105918	Effective_commits: 1400132	Effective_throughput: 1266035.932655	Effective_energy_per_tx: 33.618701	Pkg_power: 42.562483	Threads: 4	Elapsed time: 1.106596	Commits: 0	Aborts: 0	P-state: 6	Best-threads: 4	Steps: 0	Throughput: 0.000000
Effective_runtime: 1.036322	Effective_commits: 1280120	Effective_throughput: 1235253.358505	Effective_energy_per_tx: 33.836062	Pkg_power: 41.796110	Threads: 4	Elapsed time: 1.036945	Commits: 0	Aborts: 0	P-state: 6	Best-threads: 4	Steps: 0	Throughput: 0.000000
Effective_runtime: 0.963425	Effective_commits: 1080104	Effective_throughput: 1121108.674202	Effective_energy_per_tx: 37.295237	Pkg_power: 41.812014	Threads: 4	Elapsed time: 0.964033	Commits: 0	Aborts: 0	P-state: 6	Best-threads: 4	Steps: 0	Throughput: 0.000000
