Effective_runtime: 1.204940	Effective_commits: 1000100	Effective_throughput: 829999.888434	Effective_energy_per_tx: 62.861595	Pkg_power: 52.175117	Threads: 10	Elapsed time: 1.205823	Commits: 0	Aborts: 0	P-state: 4	Best-threads: 10	Steps: 0	Throughput: 0.000000
Effective_runtime: 1.174383	Effective_commits: 900090	Effective_throughput: 766436.635084	Effective_energy_per_tx: 68.105333	Pkg_power: 52.198422	Threads: 10	Elapsed time: 1.175259	Commits: 0	Aborts: 0	P-state: 4	Best-threads: 10	Steps: 0	Throughput: 0.000000
Effective_runtime: 1.045184	Effective_commits: 1200110	Effective_throughput: 1148228.950153	Effective_energy_per_tx: 45.471027	Pkg_power: 52.211149	Threads: 10	Elapsed time: 1.046081	Commits: 0	Aborts: 0	P-state: 4	Best-threads: 10	Steps: 0	Throughput: 0.000000
