Effective_runtime: 1.340047	Effective_commits: 1000100	Effective_throughput: 746317.222630	Effective_energy_per_tx: 91.071043	Pkg_power: 67.967888	Threads: 20	Elapsed time: 1.341465	Commits: 0	Aborts: 0	P-state: 3	Best-threads: 20	Steps: 0	Throughput: 0.000000
Effective_runtime: 1.336098	Effective_commits: 1000100	Effective_throughput: 748522.895111	Effective_energy_per_tx: 91.003850	Pkg_power: 68.118465	Threads: 20	Elapsed time: 1.338065	Commits: 0	Aborts: 0	P-state: 3	Best-threads: 20	Steps: 0	Throughput: 0.000000
Effective_runtime: 1.335188	Effective_commits: 1000100	Effective_throughput: 749033.350217	Effective_energy_per_tx: 90.864094	Pkg_power: 68.060236	Threads: 20	Elapsed time: 1.336682	Commits: 0	Aborts: 0	P-state: 3	Best-threads: 20	Steps: 0	Throughput: 0.000000
