Effective_runtime: 1.375714	Effective_commits: 839748	Effective_throughput: 610409.029657	Effective_energy_per_tx: 81.523186	Pkg_power: 49.762489	Threads: 12	Elapsed time: 1.376944	Commits: 0	Aborts: 0	P-state: 7	Best-threads: 12	Steps: 0	Throughput: 0.000000
Effective_runtime: 1.365526	Effective_commits: 1079664	Effective_throughput: 790658.242628	Effective_energy_per_tx: 63.205074	Pkg_power: 49.973613	Threads: 12	Elapsed time: 1.366963	Commits: 0	Aborts: 0	P-state: 7	Best-threads: 12	Steps: 0	Throughput: 0.000000
Effective_runtime: 1.344471	Effective_commits: 1079676	Effective_throughput: 803048.841321	Effective_energy_per_tx: 63.687371	Pkg_power: 51.144070	Threads: 12	Elapsed time: 1.345705	Commits: 0	Aborts: 0	P-state: 7	Best-threads: 12	Steps: 0	Throughput: 0.000000
