Effective_runtime: 1.434415	Effective_commits: 1259622	Effective_throughput: 878143.341752	Effective_energy_per_tx: 59.906143	Pkg_power: 52.606181	Threads: 14	Elapsed time: 1.436001	Commits: 0	Aborts: 0	P-state: 7	Best-threads: 14	Steps: 0	Throughput: 0.000000
Effective_runtime: 1.374215	Effective_commits: 979706	Effective_throughput: 712920.522312	Effective_energy_per_tx: 73.014534	Pkg_power: 52.053560	Threads: 14	Elapsed time: 1.375599	Commits: 0	Aborts: 0	P-state: 7	Best-threads: 14	Steps: 0	Throughput: 0.000000
Effective_runtime: 1.400350	Effective_commits: 1119664	Effective_throughput: 799559.877587	Effective_energy_per_tx: 65.224402	Pkg_power: 52.150815	Threads: 14	Elapsed time: 1.401813	Commits: 0	Aborts: 0	P-state: 7	Best-threads: 14	Steps: 0	Throughput: 0.000000
