Effective_runtime: 0.929186	Effective_commits: 1499985	Effective_throughput: 1614300.324711	Effective_energy_per_tx: 27.045895	Pkg_power: 43.660197	Threads: 3	Elapsed time: 0.929663	Commits: 0	Aborts: 0	P-state: 3	Best-threads: 3	Steps: 0	Throughput: 0.000000
Effective_runtime: 0.966241	Effective_commits: 1439997	Effective_throughput: 1490309.044985	Effective_energy_per_tx: 29.487892	Pkg_power: 43.946072	Threads: 3	Elapsed time: 0.966750	Commits: 0	Aborts: 0	P-state: 3	Best-threads: 3	Steps: 0	Throughput: 0.000000
Effective_runtime: 0.942752	Effective_commits: 1499991	Effective_throughput: 1591077.808366	Effective_energy_per_tx: 27.899673	Pkg_power: 44.390550	Threads: 3	Elapsed time: 0.943287	Commits: 0	Aborts: 0	P-state: 3	Best-threads: 3	Steps: 0	Throughput: 0.000000
