Effective_runtime: 1.007904	Effective_commits: 1319604	Effective_throughput: 1309255.369308	Effective_energy_per_tx: 37.715039	Pkg_power: 49.378617	Threads: 6	Elapsed time: 1.008519	Commits: 0	Aborts: 0	P-state: 2	Best-threads: 6	Steps: 0	Throughput: 0.000000
Effective_runtime: 1.025066	Effective_commits: 1199640	Effective_throughput: 1170305.216057	Effective_energy_per_tx: 42.882170	Pkg_power: 50.185227	Threads: 6	Elapsed time: 1.025665	Commits: 0	Aborts: 0	P-state: 2	Best-threads: 6	Steps: 0	Throughput: 0.000000
Effective_runtime: 1.002381	Effective_commits: 659802	Effective_throughput: 658234.792984	Effective_energy_per_tx: 75.124442	Pkg_power: 49.449521	Threads: 6	Elapsed time: 1.003097	Commits: 0	Aborts: 0	P-state: 2	Best-threads: 6	Steps: 0	Throughput: 0.000000
