Effective_runtime: 1.233066	Effective_commits: 900000	Effective_throughput: 729887.772724	Effective_energy_per_tx: 66.844990	Pkg_power: 48.789341	Threads: 9	Elapsed time: 1.233947	Commits: 0	Aborts: 0	P-state: 6	Best-threads: 9	Steps: 0	Throughput: 0.000000
Effective_runtime: 1.252600	Effective_commits: 1170000	Effective_throughput: 934057.155885	Effective_energy_per_tx: 52.575966	Pkg_power: 49.108957	Threads: 9	Elapsed time: 1.253549	Commits: 0	Aborts: 0	P-state: 6	Best-threads: 9	Steps: 0	Throughput: 0.000000
Effective_runtime: 1.231896	Effective_commits: 1260000	Effective_throughput: 1022813.492086	Effective_energy_per_tx: 47.862242	Pkg_power: 48.954147	Threads: 9	Elapsed time: 1.232768	Commits: 0	Aborts: 0	P-state: 6	Best-threads: 9	Steps: 0	Throughput: 0.000000
