Effective_runtime: 0.912602	Effective_commits: 699790	Effective_throughput: 766807.772417	Effective_energy_per_tx: 105.138869	Pkg_power: 80.621302	Threads: 14	Elapsed time: 0.913549	Commits: 0	Aborts: 0	P-state: 0	Best-threads: 14	Steps: 0	Throughput: 0.000000
Effective_runtime: 0.944995	Effective_commits: 839748	Effective_throughput: 888626.670057	Effective_energy_per_tx: 90.979471	Pkg_power: 80.846785	Threads: 14	Elapsed time: 0.946096	Commits: 0	Aborts: 0	P-state: 0	Best-threads: 14	Steps: 0	Throughput: 0.000000
Effective_runtime: 0.941666	Effective_commits: 979706	Effective_throughput: 1040396.034685	Effective_energy_per_tx: 77.631410	Pkg_power: 80.767411	Threads: 14	Elapsed time: 0.942548	Commits: 0	Aborts: 0	P-state: 0	Best-threads: 14	Steps: 0	Throughput: 0.000000
