Effective_runtime: 1.258100	Effective_commits: 1150115	Effective_throughput: 914168.270057	Effective_energy_per_tx: 41.479909	Pkg_power: 37.919617	Threads: 5	Elapsed time: 1.259085	Commits: 0	Aborts: 0	P-state: 10	Best-threads: 5	Steps: 0	Throughput: 0.000000
Effective_runtime: 1.296440	Effective_commits: 550050	Effective_throughput: 424277.191007	Effective_energy_per_tx: 89.630848	Pkg_power: 38.028324	Threads: 5	Elapsed time: 1.297374	Commits: 0	Aborts: 0	P-state: 10	Best-threads: 5	Steps: 0	Throughput: 0.000000
Effective_runtime: 1.285920	Effective_commits: 550045	Effective_throughput: 427744.471073	Effective_energy_per_tx: 89.575849	Pkg_power: 38.315574	Threads: 5	Elapsed time: 1.286887	Commits: 0	Aborts: 0	P-state: 10	Best-threads: 5	Steps: 0	Throughput: 0.000000
