Effective_runtime: 1.619563	Effective_commits: 1079676	Effective_throughput: 666646.351314	Effective_energy_per_tx: 65.795350	Pkg_power: 43.862230	Threads: 12	Elapsed time: 1.626949	Commits: 0	Aborts: 0	P-state: 10	Best-threads: 12	Steps: 0	Throughput: 0.000000
Effective_runtime: 1.600007	Effective_commits: 1079676	Effective_throughput: 674794.515300	Effective_energy_per_tx: 65.274136	Pkg_power: 44.046629	Threads: 12	Elapsed time: 1.611896	Commits: 0	Aborts: 0	P-state: 10	Best-threads: 12	Steps: 0	Throughput: 0.000000
Effective_runtime: 1.596840	Effective_commits: 1079676	Effective_throughput: 676132.652811	Effective_energy_per_tx: 65.299574	Pkg_power: 44.151174	Threads: 12	Elapsed time: 1.606338	Commits: 0	Aborts: 0	P-state: 10	Best-threads: 12	Steps: 0	Throughput: 0.000000
