Effective_runtime: 1.789499	Effective_commits: 849745	Effective_throughput: 474850.708224	Effective_energy_per_tx: 96.653361	Pkg_power: 45.895917	Threads: 17	Elapsed time: 1.791885	Commits: 0	Aborts: 0	P-state: 11	Best-threads: 17	Steps: 0	Throughput: 0.000000
Effective_runtime: 1.760630	Effective_commits: 679796	Effective_throughput: 386109.592836	Effective_energy_per_tx: 120.177527	Pkg_power: 46.401696	Threads: 17	Elapsed time: 1.762912	Commits: 0	Aborts: 0	P-state: 11	Best-threads: 17	Steps: 0	Throughput: 0.000000
Effective_runtime: 1.803475	Effective_commits: 679796	Effective_throughput: 376936.681276	Effective_energy_per_tx: 124.016524	Pkg_power: 46.746377	Threads: 17	Elapsed time: 1.805929	Commits: 0	Aborts: 0	P-state: 11	Best-threads: 17	Steps: 0	Throughput: 0.000000
