Effective_runtime: 1.421675	Effective_commits: 649870	Effective_throughput: 457115.574083	Effective_energy_per_tx: 105.908175	Pkg_power: 48.412276	Threads: 13	Elapsed time: 1.423158	Commits: 0	Aborts: 0	P-state: 8	Best-threads: 13	Steps: 0	Throughput: 0.000000
Effective_runtime: 1.446923	Effective_commits: 909818	Effective_throughput: 628794.823580	Effective_energy_per_tx: 76.551523	Pkg_power: 48.135202	Threads: 13	Elapsed time: 1.448273	Commits: 0	Aborts: 0	P-state: 8	Best-threads: 13	Steps: 0	Throughput: 0.000000
Effective_runtime: 1.424366	Effective_commits: 1169766	Effective_throughput: 821253.980506	Effective_energy_per_tx: 58.835995	Pkg_power: 48.319295	Threads: 13	Elapsed time: 1.425915	Commits: 0	Aborts: 0	P-state: 8	Best-threads: 13	Steps: 0	Throughput: 0.000000
