Effective_runtime: 1.271397	Effective_commits: 1079676	Effective_throughput: 849204.620749	Effective_energy_per_tx: 63.010018	Pkg_power: 53.508398	Threads: 12	Elapsed time: 1.272365	Commits: 0	Aborts: 0	P-state: 5	Best-threads: 12	Steps: 0	Throughput: 0.000000
Effective_runtime: 1.271517	Effective_commits: 1079676	Effective_throughput: 849124.071968	Effective_energy_per_tx: 63.796871	Pkg_power: 54.171459	Threads: 12	Elapsed time: 1.272548	Commits: 0	Aborts: 0	P-state: 5	Best-threads: 12	Steps: 0	Throughput: 0.000000
Effective_runtime: 1.294948	Effective_commits: 1319604	Effective_throughput: 1019040.278991	Effective_energy_per_tx: 53.069208	Pkg_power: 54.079660	Threads: 12	Elapsed time: 1.296037	Commits: 0	Aborts: 0	P-state: 5	Best-threads: 12	Steps: 0	Throughput: 0.000000
