Effective_runtime: 1.348211	Effective_commits: 960096	Effective_throughput: 712125.836959	Effective_energy_per_tx: 82.588627	Pkg_power: 58.813495	Threads: 16	Elapsed time: 1.349721	Commits: 0	Aborts: 0	P-state: 5	Best-threads: 16	Steps: 0	Throughput: 0.000000
Effective_runtime: 1.364205	Effective_commits: 1280128	Effective_throughput: 938369.474799	Effective_energy_per_tx: 63.036748	Pkg_power: 59.151760	Threads: 16	Elapsed time: 1.365482	Commits: 0	Aborts: 0	P-state: 5	Best-threads: 16	Steps: 0	Throughput: 0.000000
Effective_runtime: 1.368311	Effective_commits: 1120112	Effective_throughput: 818609.222679	Effective_energy_per_tx: 71.365830	Pkg_power: 58.420727	Threads: 16	Elapsed time: 1.369898	Commits: 0	Aborts: 0	P-state: 5	Best-threads: 16	Steps: 0	Throughput: 0.000000
