Effective_runtime: 1.021426	Effective_commits: 800080	Effective_throughput: 783297.290788	Effective_energy_per_tx: 116.228238	Pkg_power: 91.041264	Threads: 20	Elapsed time: 1.023082	Commits: 0	Aborts: 0	P-state: 0	Best-threads: 20	Steps: 0	Throughput: 0.000000
Effective_runtime: 1.021615	Effective_commits: 800080	Effective_throughput: 783152.183565	Effective_energy_per_tx: 115.434938	Pkg_power: 90.403124	Threads: 20	Elapsed time: 1.022816	Commits: 0	Aborts: 0	P-state: 0	Best-threads: 20	Steps: 0	Throughput: 0.000000
Effective_runtime: 1.027015	Effective_commits: 600060	Effective_throughput: 584275.876019	Effective_energy_per_tx: 155.231170	Pkg_power: 90.697828	Threads: 20	Elapsed time: 1.028231	Commits: 0	Aborts: 0	P-state: 0	Best-threads: 20	Steps: 0	Throughput: 0.000000
