Effective_runtime: 1.547853	Effective_commits: 1049055	Effective_throughput: 677748.590964	Effective_energy_per_tx: 70.919183	Pkg_power: 48.065377	Threads: 15	Elapsed time: 1.550054	Commits: 0	Aborts: 0	P-state: 9	Best-threads: 15	Steps: 0	Throughput: 0.000000
Effective_runtime: 1.607150	Effective_commits: 899190	Effective_throughput: 559493.561404	Effective_energy_per_tx: 86.497440	Pkg_power: 48.394761	Threads: 15	Elapsed time: 1.632107	Commits: 0	Aborts: 0	P-state: 9	Best-threads: 15	Steps: 0	Throughput: 0.000000
Effective_runtime: 1.561150	Effective_commits: 749325	Effective_throughput: 479982.619892	Effective_energy_per_tx: 99.899712	Pkg_power: 47.950126	Threads: 15	Elapsed time: 1.562971	Commits: 0	Aborts: 0	P-state: 9	Best-threads: 15	Steps: 0	Throughput: 0.000000
