Effective_runtime: 1.472422	Effective_commits: 960096	Effective_throughput: 652052.100010	Effective_energy_per_tx: 84.128844	Pkg_power: 54.856390	Threads: 16	Elapsed time: 1.473824	Commits: 0	Aborts: 0	P-state: 7	Best-threads: 16	Steps: 0	Throughput: 0.000000
Effective_runtime: 1.452638	Effective_commits: 960096	Effective_throughput: 660932.672876	Effective_energy_per_tx: 82.715009	Pkg_power: 54.669052	Threads: 16	Elapsed time: 1.454416	Commits: 0	Aborts: 0	P-state: 7	Best-threads: 16	Steps: 0	Throughput: 0.000000
Effective_runtime: 1.422217	Effective_commits: 960096	Effective_throughput: 675069.992063	Effective_energy_per_tx: 81.191954	Pkg_power: 54.810252	Threads: 16	Elapsed time: 1.423668	Commits: 0	Aborts: 0	P-state: 7	Best-threads: 16	Steps: 0	Throughput: 0.000000
