Effective_runtime: 1.340556	Effective_commits: 899190	Effective_throughput: 670759.067054	Effective_energy_per_tx: 85.910977	Pkg_power: 57.625566	Threads: 15	Elapsed time: 1.341970	Commits: 0	Aborts: 0	P-state: 5	Best-threads: 15	Steps: 0	Throughput: 0.000000
Effective_runtime: 1.352264	Effective_commits: 1049055	Effective_throughput: 775776.913100	Effective_energy_per_tx: 74.150030	Pkg_power: 57.523882	Threads: 15	Elapsed time: 1.353615	Commits: 0	Aborts: 0	P-state: 5	Best-threads: 15	Steps: 0	Throughput: 0.000000
Effective_runtime: 1.320345	Effective_commits: 899190	Effective_throughput: 681026.646848	Effective_energy_per_tx: 84.691824	Pkg_power: 57.677389	Threads: 15	Elapsed time: 1.321992	Commits: 0	Aborts: 0	P-state: 5	Best-threads: 15	Steps: 0	Throughput: 0.000000
