Effective_runtime: 1.345999	Effective_commits: 1169766	Effective_throughput: 869068.726447	Effective_energy_per_tx: 60.783872	Pkg_power: 52.825362	Threads: 13	Elapsed time: 1.347134	Commits: 0	Aborts: 0	P-state: 6	Best-threads: 13	Steps: 0	Throughput: 0.000000
Effective_runtime: 1.364659	Effective_commits: 1169766	Effective_throughput: 857185.822991	Effective_energy_per_tx: 61.591468	Pkg_power: 52.795333	Threads: 13	Elapsed time: 1.375177	Commits: 0	Aborts: 0	P-state: 6	Best-threads: 13	Steps: 0	Throughput: 0.000000
Effective_runtime: 1.341113	Effective_commits: 1169766	Effective_throughput: 872235.526645	Effective_energy_per_tx: 62.060175	Pkg_power: 54.131090	Threads: 13	Elapsed time: 1.342255	Commits: 0	Aborts: 0	P-state: 6	Best-threads: 13	Steps: 0	Throughput: 0.000000
