Effective_runtime: 0.664967	Effective_commits: 1640000	Effective_throughput: 2466287.730279	Effective_energy_per_tx: 14.867716	Pkg_power: 36.668067	Threads: 1	Elapsed time: 0.665414	Commits: 0	Aborts: 0	P-state: 6	Best-threads: 1	Steps: 0	Throughput: 0.000000
Effective_runtime: 0.664321	Effective_commits: 1640000	Effective_throughput: 2468684.559491	Effective_energy_per_tx: 14.933329	Pkg_power: 36.865678	Threads: 1	Elapsed time: 0.664766	Commits: 0	Aborts: 0	P-state: 6	Best-threads: 1	Steps: 0	Throughput: 0.000000
Effective_runtime: 0.663502	Effective_commits: 1640000	Effective_throughput: 2471731.835399	Effective_energy_per_tx: 15.110740	Pkg_power: 37.349698	Threads: 1	Elapsed time: 0.663952	Commits: 0	Aborts: 0	P-state: 6	Best-threads: 1	Steps: 0	Throughput: 0.000000
