Effective_runtime: 1.548240	Effective_commits: 1079028	Effective_throughput: 696938.382178	Effective_energy_per_tx: 81.070874	Pkg_power: 56.501404	Threads: 18	Elapsed time: 1.549757	Commits: 0	Aborts: 0	P-state: 7	Best-threads: 18	Steps: 0	Throughput: 0.000000
Effective_runtime: 1.512974	Effective_commits: 899190	Effective_throughput: 594319.447018	Effective_energy_per_tx: 95.273899	Pkg_power: 56.623131	Threads: 18	Elapsed time: 1.514926	Commits: 0	Aborts: 0	P-state: 7	Best-threads: 18	Steps: 0	Throughput: 0.000000
Effective_runtime: 1.502490	Effective_commits: 899190	Effective_throughput: 598466.588951	Effective_energy_per_tx: 94.621049	Pkg_power: 56.627536	Threads: 18	Elapsed time: 1.504288	Commits: 0	Aborts: 0	P-state: 7	Best-threads: 18	Steps: 0	Throughput: 0.000000
