Effective_runtime: 1.717151	Effective_commits: 1079676	Effective_throughput: 628759.947738	Effective_energy_per_tx: 68.238951	Pkg_power: 42.905919	Threads: 12	Elapsed time: 1.724568	Commits: 0	Aborts: 0	P-state: 11	Best-threads: 12	Steps: 0	Throughput: 0.000000
Effective_runtime: 1.658742	Effective_commits: 1079676	Effective_throughput: 650900.533098	Effective_energy_per_tx: 65.366111	Pkg_power: 42.546836	Threads: 12	Elapsed time: 1.664511	Commits: 0	Aborts: 0	P-state: 11	Best-threads: 12	Steps: 0	Throughput: 0.000000
Effective_runtime: 1.731101	Effective_commits: 479856	Effective_throughput: 277197.050591	Effective_energy_per_tx: 155.798398	Pkg_power: 43.186856	Threads: 12	Elapsed time: 1.751178	Commits: 0	Aborts: 0	P-state: 11	Best-threads: 12	Steps: 0	Throughput: 0.000000
