Effective_runtime: 1.240920	Effective_commits: 1100110	Effective_throughput: 886527.448863	Effective_energy_per_tx: 54.184894	Pkg_power: 48.036396	Threads: 10	Elapsed time: 1.241889	Commits: 0	Aborts: 0	P-state: 7	Best-threads: 10	Steps: 0	Throughput: 0.000000
Effective_runtime: 1.330663	Effective_commits: 700070	Effective_throughput: 526106.298676	Effective_energy_per_tx: 92.374908	Pkg_power: 48.599021	Threads: 10	Elapsed time: 1.331694	Commits: 0	Aborts: 0	P-state: 7	Best-threads: 10	Steps: 0	Throughput: 0.000000
Effective_runtime: 1.337299	Effective_commits: 1200120	Effective_throughput: 897420.884971	Effective_energy_per_tx: 53.630872	Pkg_power: 48.129465	Threads: 10	Elapsed time: 1.338359	Commits: 0	Aborts: 0	P-state: 7	Best-threads: 10	Steps: 0	Throughput: 0.000000
