Effective_runtime: 1.215700	Effective_commits: 959712	Effective_throughput: 789431.422668	Effective_energy_per_tx: 69.834119	Pkg_power: 55.129248	Threads: 12	Elapsed time: 1.216953	Commits: 0	Aborts: 0	P-state: 4	Best-threads: 12	Steps: 0	Throughput: 0.000000
Effective_runtime: 1.250144	Effective_commits: 1199640	Effective_throughput: 959601.100052	Effective_energy_per_tx: 57.647050	Pkg_power: 55.318173	Threads: 12	Elapsed time: 1.251539	Commits: 0	Aborts: 0	P-state: 4	Best-threads: 12	Steps: 0	Throughput: 0.000000
Effective_runtime: 1.235633	Effective_commits: 1079664	Effective_throughput: 873774.129164	Effective_energy_per_tx: 63.026547	Pkg_power: 55.070966	Threads: 12	Elapsed time: 1.237214	Commits: 0	Aborts: 0	P-state: 4	Best-threads: 12	Steps: 0	Throughput: 0.000000
