Effective_runtime: 31.246110	Effective_commits: 26439257	Effective_throughput: 846161.553513	Effective_energy_per_tx: 75.507809	Pkg_power: 63.891805	Threads: 20	Elapsed time: 31.391	Commits: 27728262	Aborts: 12857499	P-state: 2	Best-threads: 16	Steps: 113	Throughput: 883320.398202
Effective_runtime: 29.869613	Effective_commits: 25475214	Effective_throughput: 852880.621684	Effective_energy_per_tx: 79.319914	Pkg_power: 67.650418	Threads: 20	Elapsed time: 30.007	Commits: 27531472	Aborts: 10285479	P-state: 1	Best-threads: 13	Steps: 101	Throughput: 917516.660795
Effective_runtime: 35.584244	Effective_commits: 26510126	Effective_throughput: 744996.182424	Effective_energy_per_tx: 78.681544	Pkg_power: 58.617450	Threads: 20	Elapsed time: 35.734	Commits: 27377859	Aborts: 9178919	P-state: 2	Best-threads: 10	Steps: 113	Throughput: 766157.496898
