Effective_runtime: 3.480795	Effective_commits: 679779	Effective_throughput: 195294.187350	Effective_energy_per_tx: 237.410948	Pkg_power: 46.364978	Threads: 17	Elapsed time: 3.502206	Commits: 1839540	Aborts: 108846	P-state: 9	Best-threads: 17	Steps: 0	Throughput: 525251.785373
Effective_runtime: 3.337487	Effective_commits: 849728	Effective_throughput: 254601.108791	Effective_energy_per_tx: 181.918460	Pkg_power: 46.316642	Threads: 17	Elapsed time: 3.341383	Commits: 1839540	Aborts: 106820	P-state: 9	Best-threads: 17	Steps: 0	Throughput: 550532.522258
Effective_runtime: 3.684625	Effective_commits: 849728	Effective_throughput: 230614.486222	Effective_energy_per_tx: 203.009642	Pkg_power: 46.816964	Threads: 17	Elapsed time: 3.689074	Commits: 1839540	Aborts: 116647	P-state: 9	Best-threads: 17	Steps: 0	Throughput: 498645.454204
