Effective_runtime: 2.982398	Effective_commits: 839736	Effective_throughput: 281564.039176	Effective_energy_per_tx: 166.100900	Pkg_power: 46.768040	Threads: 12	Elapsed time: 2.983515	Commits: 1839543	Aborts: 65106	P-state: 7	Best-threads: 12	Steps: 0	Throughput: 616569.041915
Effective_runtime: 3.159495	Effective_commits: 839736	Effective_throughput: 265781.695600	Effective_energy_per_tx: 181.148141	Pkg_power: 48.145860	Threads: 12	Elapsed time: 3.164943	Commits: 1839543	Aborts: 70343	P-state: 7	Best-threads: 12	Steps: 0	Throughput: 581224.689270
Effective_runtime: 3.080499	Effective_commits: 719772	Effective_throughput: 233654.350477	Effective_energy_per_tx: 204.081743	Pkg_power: 47.684587	Threads: 12	Elapsed time: 3.082211	Commits: 1839543	Aborts: 64686	P-state: 7	Best-threads: 12	Steps: 0	Throughput: 596825.781717
