Effective_runtime: 1.687968	Effective_commits: 899172	Effective_throughput: 532694.802269	Effective_energy_per_tx: 155.495033	Pkg_power: 82.831396	Threads: 18	Elapsed time: 1.703372	Commits: 1839549	Aborts: 99938	P-state: 0	Best-threads: 18	Steps: 0	Throughput: 1079945.542266
Effective_runtime: 1.681394	Effective_commits: 899172	Effective_throughput: 534777.763887	Effective_energy_per_tx: 154.754065	Pkg_power: 82.759033	Threads: 18	Elapsed time: 1.683239	Commits: 1839549	Aborts: 102291	P-state: 0	Best-threads: 18	Steps: 0	Throughput: 1092862.640665
Effective_runtime: 1.652990	Effective_commits: 899172	Effective_throughput: 543967.059620	Effective_energy_per_tx: 150.412585	Pkg_power: 81.819492	Threads: 18	Elapsed time: 1.654276	Commits: 1839549	Aborts: 104280	P-state: 0	Best-threads: 18	Steps: 0	Throughput: 1111996.337109
