Effective_runtime: 1.746795	Effective_commits: 949506	Effective_throughput: 543570.364333	Effective_energy_per_tx: 150.451001	Pkg_power: 81.780705	Threads: 19	Elapsed time: 1.748130	Commits: 1839550	Aborts: 109121	P-state: 0	Best-threads: 19	Steps: 0	Throughput: 1052295.831872
Effective_runtime: 1.962157	Effective_commits: 379791	Effective_throughput: 193557.858370	Effective_energy_per_tx: 422.160235	Pkg_power: 81.712431	Threads: 19	Elapsed time: 1.965223	Commits: 1839550	Aborts: 111808	P-state: 0	Best-threads: 19	Steps: 0	Throughput: 936051.496838
Effective_runtime: 1.817009	Effective_commits: 759601	Effective_throughput: 418050.159682	Effective_energy_per_tx: 202.261737	Pkg_power: 84.555552	Threads: 19	Elapsed time: 1.820511	Commits: 1839550	Aborts: 111791	P-state: 0	Best-threads: 19	Steps: 0	Throughput: 1010458.128054
