Effective_runtime: 8.904929	Effective_commits: 1830000	Effective_throughput: 205504.157965	Effective_energy_per_tx: 248.467549	Pkg_power: 51.061114	Threads: 1	Elapsed time: 8.905359	Commits: 1839535	Aborts: 0	P-state: 1	Best-threads: 1	Steps: 0	Throughput: 206564.945203
Effective_runtime: 8.880158	Effective_commits: 1830000	Effective_throughput: 206077.407357	Effective_energy_per_tx: 242.790493	Pkg_power: 50.033635	Threads: 1	Elapsed time: 8.880588	Commits: 1839535	Aborts: 0	P-state: 1	Best-threads: 1	Steps: 0	Throughput: 207141.124966
Effective_runtime: 8.997563	Effective_commits: 1830000	Effective_throughput: 203388.401150	Effective_energy_per_tx: 246.108630	Pkg_power: 50.055641	Threads: 1	Elapsed time: 8.997920	Commits: 1839535	Aborts: 0	P-state: 1	Best-threads: 1	Steps: 0	Throughput: 204440.025314
