Effective_runtime: 2.384607	Effective_commits: 839736	Effective_throughput: 352148.553018	Effective_energy_per_tx: 157.811919	Pkg_power: 55.573239	Threads: 12	Elapsed time: 2.385739	Commits: 1839543	Aborts: 65525	P-state: 2	Best-threads: 12	Steps: 0	Throughput: 771057.989133
Effective_runtime: 2.536837	Effective_commits: 719772	Effective_throughput: 283728.115921	Effective_energy_per_tx: 186.127106	Pkg_power: 52.809493	Threads: 12	Elapsed time: 2.542078	Commits: 1839543	Aborts: 71694	P-state: 2	Best-threads: 12	Steps: 0	Throughput: 723637.507125
Effective_runtime: 2.351194	Effective_commits: 839736	Effective_throughput: 357152.936670	Effective_energy_per_tx: 151.873893	Pkg_power: 54.242207	Threads: 12	Elapsed time: 2.352403	Commits: 1839543	Aborts: 66038	P-state: 2	Best-threads: 12	Steps: 0	Throughput: 781984.659204
