Effective_runtime: 2.375694	Effective_commits: 480032	Effective_throughput: 202059.678414	Effective_energy_per_tx: 344.146938	Pkg_power: 69.538220	Threads: 16	Elapsed time: 2.377011	Commits: 1839540	Aborts: 110859	P-state: 1	Best-threads: 16	Steps: 0	Throughput: 773887.858749
Effective_runtime: 2.095194	Effective_commits: 480032	Effective_throughput: 229111.051678	Effective_energy_per_tx: 305.330884	Pkg_power: 69.954680	Threads: 16	Elapsed time: 2.096865	Commits: 1839540	Aborts: 99667	P-state: 1	Best-threads: 16	Steps: 0	Throughput: 877281.109535
Effective_runtime: 2.091245	Effective_commits: 800064	Effective_throughput: 382577.767745	Effective_energy_per_tx: 182.811598	Pkg_power: 69.939653	Threads: 16	Elapsed time: 2.092863	Commits: 1839540	Aborts: 99686	P-state: 1	Best-threads: 16	Steps: 0	Throughput: 878958.597456
