Effective_runtime: 2.888670	Effective_commits: 559818	Effective_throughput: 193797.856947	Effective_energy_per_tx: 263.658689	Pkg_power: 51.096489	Threads: 14	Elapsed time: 2.889992	Commits: 1839546	Aborts: 81419	P-state: 6	Best-threads: 14	Steps: 0	Throughput: 636522.869560
Effective_runtime: 3.541132	Effective_commits: 699776	Effective_throughput: 197613.635633	Effective_energy_per_tx: 253.961931	Pkg_power: 50.186340	Threads: 14	Elapsed time: 3.542636	Commits: 1839546	Aborts: 110278	P-state: 6	Best-threads: 14	Steps: 0	Throughput: 519259.082489
Effective_runtime: 2.993537	Effective_commits: 699776	Effective_throughput: 233762.264531	Effective_energy_per_tx: 217.440239	Pkg_power: 50.829323	Threads: 14	Elapsed time: 3.003780	Commits: 1839546	Aborts: 88132	P-state: 6	Best-threads: 14	Steps: 0	Throughput: 612410.385746
