Effective_runtime: 2.950957	Effective_commits: 600040	Effective_throughput: 203337.411321	Effective_energy_per_tx: 265.761226	Pkg_power: 54.039200	Threads: 20	Elapsed time: 3.018796	Commits: 1839545	Aborts: 123959	P-state: 7	Best-threads: 20	Steps: 0	Throughput: 609363.805983
Effective_runtime: 2.898532	Effective_commits: 600040	Effective_throughput: 207015.154673	Effective_energy_per_tx: 263.478770	Pkg_power: 54.544098	Threads: 20	Elapsed time: 2.919878	Commits: 1839545	Aborts: 128228	P-state: 7	Best-threads: 20	Steps: 0	Throughput: 630007.485324
Effective_runtime: 2.832118	Effective_commits: 800060	Effective_throughput: 282495.304776	Effective_energy_per_tx: 191.555731	Pkg_power: 54.113595	Threads: 20	Elapsed time: 2.836168	Commits: 1839545	Aborts: 122096	P-state: 7	Best-threads: 20	Steps: 0	Throughput: 648602.257367
