Effective_runtime: 3.990430	Effective_commits: 779831	Effective_throughput: 195425.293044	Effective_energy_per_tx: 215.941276	Pkg_power: 42.200387	Threads: 13	Elapsed time: 3.992341	Commits: 1839545	Aborts: 77658	P-state: 10	Best-threads: 13	Steps: 0	Throughput: 460768.501701
Effective_runtime: 3.707952	Effective_commits: 779831	Effective_throughput: 210313.110531	Effective_energy_per_tx: 205.203049	Pkg_power: 43.156892	Threads: 13	Elapsed time: 3.710172	Commits: 1839545	Aborts: 73975	P-state: 10	Best-threads: 13	Steps: 0	Throughput: 495811.253702
Effective_runtime: 3.733001	Effective_commits: 779831	Effective_throughput: 208901.884238	Effective_energy_per_tx: 198.172563	Pkg_power: 41.398622	Threads: 13	Elapsed time: 3.738262	Commits: 1839545	Aborts: 71001	P-state: 10	Best-threads: 13	Steps: 0	Throughput: 492085.635106
