Effective_runtime: 2.762178	Effective_commits: 879989	Effective_throughput: 318585.232417	Effective_energy_per_tx: 153.820943	Pkg_power: 49.005081	Threads: 11	Elapsed time: 2.770034	Commits: 1839544	Aborts: 49950	P-state: 6	Best-threads: 11	Steps: 0	Throughput: 664087.137680
Effective_runtime: 2.626743	Effective_commits: 879989	Effective_throughput: 335011.440447	Effective_energy_per_tx: 149.084567	Pkg_power: 49.945036	Threads: 11	Elapsed time: 2.636822	Commits: 1839544	Aborts: 45665	P-state: 6	Best-threads: 11	Steps: 0	Throughput: 697636.780296
Effective_runtime: 2.736814	Effective_commits: 879989	Effective_throughput: 321537.710887	Effective_energy_per_tx: 152.269109	Pkg_power: 48.960261	Threads: 11	Elapsed time: 2.738215	Commits: 1839544	Aborts: 51843	P-state: 6	Best-threads: 11	Steps: 0	Throughput: 671804.084193
