Effective_runtime: 3.118334	Effective_commits: 1049678	Effective_throughput: 336614.952045	Effective_energy_per_tx: 130.154849	Pkg_power: 43.812068	Threads: 7	Elapsed time: 3.119159	Commits: 1839539	Aborts: 22956	P-state: 7	Best-threads: 7	Steps: 0	Throughput: 589754.805667
Effective_runtime: 3.335813	Effective_commits: 1049678	Effective_throughput: 314669.340794	Effective_energy_per_tx: 142.127776	Pkg_power: 44.723254	Threads: 7	Elapsed time: 3.336759	Commits: 1839539	Aborts: 25748	P-state: 7	Best-threads: 7	Steps: 0	Throughput: 551295.158442
Effective_runtime: 3.163478	Effective_commits: 1049678	Effective_throughput: 331811.371048	Effective_energy_per_tx: 132.035421	Pkg_power: 43.810854	Threads: 7	Elapsed time: 3.164678	Commits: 1839539	Aborts: 24390	P-state: 7	Best-threads: 7	Steps: 0	Throughput: 581272.073731
