Effective_runtime: 1.860580	Effective_commits: 879989	Effective_throughput: 472964.794727	Effective_energy_per_tx: 150.671080	Pkg_power: 71.262116	Threads: 11	Elapsed time: 1.861395	Commits: 1839544	Aborts: 46988	P-state: 0	Best-threads: 11	Steps: 0	Throughput: 988260.890781
Effective_runtime: 1.739858	Effective_commits: 879989	Effective_throughput: 505781.976704	Effective_energy_per_tx: 141.349601	Pkg_power: 71.492081	Threads: 11	Elapsed time: 1.740869	Commits: 1839544	Aborts: 51838	P-state: 0	Best-threads: 11	Steps: 0	Throughput: 1056681.434489
Effective_runtime: 1.837142	Effective_commits: 989989	Effective_throughput: 538874.585438	Effective_energy_per_tx: 140.778976	Pkg_power: 75.862213	Threads: 11	Elapsed time: 1.838962	Commits: 1839544	Aborts: 52547	P-state: 0	Best-threads: 11	Steps: 0	Throughput: 1000316.440405
