Effective_runtime: 9.421695	Effective_commits: 1520150	Effective_throughput: 161345.695568	Effective_energy_per_tx: 211.519610	Pkg_power: 34.127779	Threads: 2	Elapsed time: 9.422432	Commits: 1839536	Aborts: 4594	P-state: 11	Best-threads: 2	Steps: 0	Throughput: 195229.428090
Effective_runtime: 9.248314	Effective_commits: 1520150	Effective_throughput: 164370.493500	Effective_energy_per_tx: 209.731943	Pkg_power: 34.473743	Threads: 2	Elapsed time: 9.249060	Commits: 1839536	Aborts: 4766	P-state: 11	Best-threads: 2	Steps: 0	Throughput: 198888.969992
Effective_runtime: 9.101127	Effective_commits: 1520152	Effective_throughput: 167028.982432	Effective_energy_per_tx: 205.685491	Pkg_power: 34.355438	Threads: 2	Elapsed time: 9.101860	Commits: 1839536	Aborts: 5036	P-state: 11	Best-threads: 2	Steps: 0	Throughput: 202105.502680
