Effective_runtime: 5.200481	Effective_commits: 1349997	Effective_throughput: 259590.792249	Effective_energy_per_tx: 148.549303	Pkg_power: 38.562031	Threads: 3	Elapsed time: 5.201267	Commits: 1839535	Aborts: 9152	P-state: 7	Best-threads: 3	Steps: 0	Throughput: 353670.557305
Effective_runtime: 5.502671	Effective_commits: 1349997	Effective_throughput: 245334.861778	Effective_energy_per_tx: 157.914126	Pkg_power: 38.741840	Threads: 3	Elapsed time: 5.503470	Commits: 1839535	Aborts: 10654	P-state: 7	Best-threads: 3	Steps: 0	Throughput: 334250.031111
Effective_runtime: 5.243726	Effective_commits: 1349994	Effective_throughput: 257449.355379	Effective_energy_per_tx: 149.862885	Pkg_power: 38.582103	Threads: 3	Elapsed time: 5.244491	Commits: 1839535	Aborts: 9326	P-state: 7	Best-threads: 3	Steps: 0	Throughput: 350755.671964
