Effective_runtime: 1.793389	Effective_commits: 800060	Effective_throughput: 446116.309697	Effective_energy_per_tx: 191.467847	Pkg_power: 85.416930	Threads: 20	Elapsed time: 1.827498	Commits: 1839545	Aborts: 128218	P-state: 0	Best-threads: 20	Steps: 0	Throughput: 1006592.095385
Effective_runtime: 1.891623	Effective_commits: 800060	Effective_throughput: 422948.911248	Effective_energy_per_tx: 198.427373	Pkg_power: 83.924641	Threads: 20	Elapsed time: 1.893073	Commits: 1839545	Aborts: 130938	P-state: 0	Best-threads: 20	Steps: 0	Throughput: 971724.239027
Effective_runtime: 1.686495	Effective_commits: 800060	Effective_throughput: 474392.133448	Effective_energy_per_tx: 177.262024	Pkg_power: 84.091710	Threads: 20	Elapsed time: 1.690694	Commits: 1839545	Aborts: 118347	P-state: 0	Best-threads: 20	Steps: 0	Throughput: 1088041.453661
