Effective_runtime: 3.371427	Effective_commits: 759601	Effective_throughput: 225305.458838	Effective_energy_per_tx: 214.776788	Pkg_power: 48.390383	Threads: 19	Elapsed time: 3.373879	Commits: 1839550	Aborts: 122016	P-state: 9	Best-threads: 19	Steps: 0	Throughput: 545232.957103
Effective_runtime: 3.043910	Effective_commits: 759601	Effective_throughput: 249547.752130	Effective_energy_per_tx: 192.327734	Pkg_power: 47.994954	Threads: 19	Elapsed time: 3.047456	Commits: 1839550	Aborts: 107485	P-state: 9	Best-threads: 19	Steps: 0	Throughput: 603634.680263
Effective_runtime: 3.135822	Effective_commits: 949506	Effective_throughput: 302793.327425	Effective_energy_per_tx: 155.862091	Pkg_power: 47.194001	Threads: 19	Elapsed time: 3.142268	Commits: 1839550	Aborts: 109007	P-state: 9	Best-threads: 19	Steps: 0	Throughput: 585421.114209
