Effective_runtime: 2.040548	Effective_commits: 679779	Effective_throughput: 333135.532697	Effective_energy_per_tx: 238.537679	Pkg_power: 79.465377	Threads: 17	Elapsed time: 2.052379	Commits: 1839540	Aborts: 109796	P-state: 0	Best-threads: 17	Steps: 0	Throughput: 896296.386925
Effective_runtime: 2.104485	Effective_commits: 509830	Effective_throughput: 242258.832089	Effective_energy_per_tx: 329.923728	Pkg_power: 79.926937	Threads: 17	Elapsed time: 2.111472	Commits: 1839540	Aborts: 125865	P-state: 0	Best-threads: 17	Steps: 0	Throughput: 871212.166020
Effective_runtime: 1.769261	Effective_commits: 849728	Effective_throughput: 480272.926114	Effective_energy_per_tx: 171.156771	Pkg_power: 82.201963	Threads: 17	Elapsed time: 1.775424	Commits: 1839540	Aborts: 104150	P-state: 0	Best-threads: 17	Steps: 0	Throughput: 1036113.061595
