Effective_runtime: 7.726871	Effective_commits: 1540148	Effective_throughput: 199323.642462	Effective_energy_per_tx: 182.533189	Pkg_power: 36.383180	Threads: 2	Elapsed time: 7.727579	Commits: 1839536	Aborts: 5512	P-state: 8	Best-threads: 2	Steps: 0	Throughput: 238048.168637
Effective_runtime: 7.463483	Effective_commits: 1520148	Effective_throughput: 203678.101780	Effective_energy_per_tx: 178.573151	Pkg_power: 36.371440	Threads: 2	Elapsed time: 7.464197	Commits: 1839536	Aborts: 4876	P-state: 8	Best-threads: 2	Steps: 0	Throughput: 246447.938186
Effective_runtime: 7.769832	Effective_commits: 1520150	Effective_throughput: 195647.719685	Effective_energy_per_tx: 187.048194	Pkg_power: 36.595553	Threads: 2	Elapsed time: 7.770503	Commits: 1839536	Aborts: 4662	P-state: 8	Best-threads: 2	Steps: 0	Throughput: 236733.200669
