Effective_runtime: 5.573189	Effective_commits: 1540150	Effective_throughput: 276349.844299	Effective_energy_per_tx: 151.341952	Pkg_power: 41.823325	Threads: 2	Elapsed time: 5.573777	Commits: 1839536	Aborts: 4564	P-state: 3	Best-threads: 2	Steps: 0	Throughput: 330034.016983
Effective_runtime: 5.572812	Effective_commits: 1520152	Effective_throughput: 272780.048219	Effective_energy_per_tx: 155.255708	Pkg_power: 42.350660	Threads: 2	Elapsed time: 5.573409	Commits: 1839536	Aborts: 4709	P-state: 3	Best-threads: 2	Steps: 0	Throughput: 330055.801293
Effective_runtime: 5.619837	Effective_commits: 1520150	Effective_throughput: 270497.155699	Effective_energy_per_tx: 156.956170	Pkg_power: 42.456198	Threads: 2	Elapsed time: 5.620539	Commits: 1839536	Aborts: 4630	P-state: 3	Best-threads: 2	Steps: 0	Throughput: 327288.186484
