Effective_runtime: 4.284950	Effective_commits: 1280124	Effective_throughput: 298748.852899	Effective_energy_per_tx: 134.845915	Pkg_power: 40.285062	Threads: 4	Elapsed time: 4.285682	Commits: 1839536	Aborts: 13646	P-state: 7	Best-threads: 4	Steps: 0	Throughput: 429228.303896
Effective_runtime: 4.383471	Effective_commits: 1240120	Effective_throughput: 282908.192935	Effective_energy_per_tx: 144.382926	Pkg_power: 40.847113	Threads: 4	Elapsed time: 4.384195	Commits: 1839536	Aborts: 13945	P-state: 7	Best-threads: 4	Steps: 0	Throughput: 419583.541004
Effective_runtime: 4.368761	Effective_commits: 1280120	Effective_throughput: 293016.712638	Effective_energy_per_tx: 138.656422	Pkg_power: 40.628649	Threads: 4	Elapsed time: 4.369555	Commits: 1839536	Aborts: 13861	P-state: 7	Best-threads: 4	Steps: 0	Throughput: 420989.323049
