Effective_runtime: 13.547785	Effective_commits: 1830000	Effective_throughput: 135077.431327	Effective_energy_per_tx: 260.612313	Pkg_power: 35.202842	Threads: 1	Elapsed time: 13.548342	Commits: 1839535	Aborts: 0	P-state: 8	Best-threads: 1	Steps: 0	Throughput: 135775.654425
Effective_runtime: 13.343526	Effective_commits: 1830000	Effective_throughput: 137145.159311	Effective_energy_per_tx: 257.401538	Pkg_power: 35.301375	Threads: 1	Elapsed time: 13.344108	Commits: 1839535	Aborts: 0	P-state: 8	Best-threads: 1	Steps: 0	Throughput: 137853.724323
Effective_runtime: 13.602141	Effective_commits: 1830000	Effective_throughput: 134537.641587	Effective_energy_per_tx: 262.226505	Pkg_power: 35.279336	Threads: 1	Elapsed time: 13.602751	Commits: 1839535	Aborts: 0	P-state: 8	Best-threads: 1	Steps: 0	Throughput: 135232.571540
