Effective_runtime: 3.933234	Effective_commits: 719334	Effective_throughput: 182886.126126	Effective_energy_per_tx: 239.808103	Pkg_power: 43.857575	Threads: 18	Elapsed time: 3.966902	Commits: 1839549	Aborts: 108411	P-state: 11	Best-threads: 18	Steps: 0	Throughput: 463724.334970
Effective_runtime: 3.829675	Effective_commits: 719334	Effective_throughput: 187831.625158	Effective_energy_per_tx: 230.177365	Pkg_power: 43.234589	Threads: 18	Elapsed time: 3.844989	Commits: 1839549	Aborts: 106753	P-state: 11	Best-threads: 18	Steps: 0	Throughput: 478427.628960
Effective_runtime: 4.285977	Effective_commits: 899172	Effective_throughput: 209793.942373	Effective_energy_per_tx: 203.672371	Pkg_power: 42.729230	Threads: 18	Elapsed time: 4.289800	Commits: 1839549	Aborts: 121587	P-state: 11	Best-threads: 18	Steps: 0	Throughput: 428819.275573
