Effective_runtime: 3.035332	Effective_commits: 1350000	Effective_throughput: 444761.829121	Effective_energy_per_tx: 131.935697	Pkg_power: 58.679962	Threads: 3	Elapsed time: 3.035799	Commits: 1839535	Aborts: 8862	P-state: 0	Best-threads: 3	Steps: 0	Throughput: 605947.555800
Effective_runtime: 2.979987	Effective_commits: 1319997	Effective_throughput: 442953.955137	Effective_energy_per_tx: 133.582476	Pkg_power: 59.170886	Threads: 3	Elapsed time: 2.980491	Commits: 1839535	Aborts: 9565	P-state: 0	Best-threads: 3	Steps: 0	Throughput: 617191.948430
Effective_runtime: 2.908221	Effective_commits: 1349994	Effective_throughput: 464199.210550	Effective_energy_per_tx: 127.975954	Pkg_power: 59.406337	Threads: 3	Elapsed time: 2.908769	Commits: 1839535	Aborts: 9301	P-state: 0	Best-threads: 3	Steps: 0	Throughput: 632410.159802
