Effective_runtime: 2.599355	Effective_commits: 1000090	Effective_throughput: 384745.500788	Effective_energy_per_tx: 130.639885	Pkg_power: 50.263108	Threads: 10	Elapsed time: 2.600440	Commits: 1839543	Aborts: 47029	P-state: 4	Best-threads: 10	Steps: 0	Throughput: 707396.818262
Effective_runtime: 2.474903	Effective_commits: 1000090	Effective_throughput: 404092.646640	Effective_energy_per_tx: 122.920324	Pkg_power: 49.671199	Threads: 10	Elapsed time: 2.475766	Commits: 1839543	Aborts: 41762	P-state: 4	Best-threads: 10	Steps: 0	Throughput: 743019.753062
Effective_runtime: 2.491786	Effective_commits: 1000090	Effective_throughput: 401354.750247	Effective_energy_per_tx: 124.585452	Pkg_power: 50.002963	Threads: 10	Elapsed time: 2.492710	Commits: 1839543	Aborts: 42096	P-state: 4	Best-threads: 10	Steps: 0	Throughput: 737969.154923
