Effective_runtime: 2.330340	Effective_commits: 959700	Effective_throughput: 411828.335984	Effective_energy_per_tx: 135.351042	Pkg_power: 55.741394	Threads: 12	Elapsed time: 2.331785	Commits: 1839543	Aborts: 66894	P-state: 3	Best-threads: 12	Steps: 0	Throughput: 788899.074619
Effective_runtime: 2.609919	Effective_commits: 719760	Effective_throughput: 275778.632064	Effective_energy_per_tx: 195.137060	Pkg_power: 53.814631	Threads: 12	Elapsed time: 2.611085	Commits: 1839543	Aborts: 68896	P-state: 3	Best-threads: 12	Steps: 0	Throughput: 704512.891631
Effective_runtime: 2.538876	Effective_commits: 719772	Effective_throughput: 283500.271217	Effective_energy_per_tx: 188.681125	Pkg_power: 53.491150	Threads: 12	Elapsed time: 2.540058	Commits: 1839543	Aborts: 67827	P-state: 3	Best-threads: 12	Steps: 0	Throughput: 724213.019617
