Effective_runtime: 3.361210	Effective_commits: 800060	Effective_throughput: 238027.411462	Effective_energy_per_tx: 194.012204	Pkg_power: 46.180223	Threads: 20	Elapsed time: 3.367949	Commits: 1839545	Aborts: 117548	P-state: 10	Best-threads: 20	Steps: 0	Throughput: 546191.464038
Effective_runtime: 3.334768	Effective_commits: 800060	Effective_throughput: 239914.744437	Effective_energy_per_tx: 194.906911	Pkg_power: 46.761042	Threads: 20	Elapsed time: 3.336998	Commits: 1839545	Aborts: 116826	P-state: 10	Best-threads: 20	Steps: 0	Throughput: 551257.449901
Effective_runtime: 3.610005	Effective_commits: 400020	Effective_throughput: 110808.721320	Effective_energy_per_tx: 409.429469	Pkg_power: 45.368356	Threads: 20	Elapsed time: 3.639106	Commits: 1839545	Aborts: 125144	P-state: 10	Best-threads: 20	Steps: 0	Throughput: 505493.652065
