Effective_runtime: 3.280973	Effective_commits: 599445	Effective_throughput: 182703.451158	Effective_energy_per_tx: 273.283602	Pkg_power: 49.929857	Threads: 15	Elapsed time: 3.283801	Commits: 1839543	Aborts: 101502	P-state: 7	Best-threads: 15	Steps: 0	Throughput: 560187.098993
Effective_runtime: 2.995596	Effective_commits: 749310	Effective_throughput: 250137.169932	Effective_energy_per_tx: 197.572375	Pkg_power: 49.420195	Threads: 15	Elapsed time: 3.025119	Commits: 1839543	Aborts: 90945	P-state: 7	Best-threads: 15	Steps: 0	Throughput: 608089.501504
Effective_runtime: 3.083649	Effective_commits: 599460	Effective_throughput: 194399.543594	Effective_energy_per_tx: 261.325935	Pkg_power: 50.801642	Threads: 15	Elapsed time: 3.093422	Commits: 1839543	Aborts: 89373	P-state: 7	Best-threads: 15	Steps: 0	Throughput: 594662.770310
