Effective_runtime: 3.150984	Effective_commits: 879989	Effective_throughput: 279274.375854	Effective_energy_per_tx: 159.165454	Pkg_power: 44.450833	Threads: 11	Elapsed time: 3.155562	Commits: 1839544	Aborts: 49416	P-state: 8	Best-threads: 11	Steps: 0	Throughput: 582952.863968
Effective_runtime: 3.333483	Effective_commits: 879989	Effective_throughput: 263984.835756	Effective_energy_per_tx: 171.095105	Pkg_power: 45.166513	Threads: 11	Elapsed time: 3.334856	Commits: 1839544	Aborts: 54691	P-state: 8	Best-threads: 11	Steps: 0	Throughput: 551611.218481
Effective_runtime: 3.123454	Effective_commits: 879989	Effective_throughput: 281735.858380	Effective_energy_per_tx: 160.878896	Pkg_power: 45.325354	Threads: 11	Elapsed time: 3.125097	Commits: 1839544	Aborts: 49695	P-state: 8	Best-threads: 11	Steps: 0	Throughput: 588635.801895
