Effective_runtime: 3.443446	Effective_commits: 1079670	Effective_throughput: 313543.483182	Effective_energy_per_tx: 139.116180	Pkg_power: 43.618972	Threads: 6	Elapsed time: 3.444451	Commits: 1839538	Aborts: 26541	P-state: 6	Best-threads: 6	Steps: 0	Throughput: 534058.388397
Effective_runtime: 3.488487	Effective_commits: 1079670	Effective_throughput: 309495.169031	Effective_energy_per_tx: 140.342229	Pkg_power: 43.435242	Threads: 6	Elapsed time: 3.489440	Commits: 1839538	Aborts: 27521	P-state: 6	Best-threads: 6	Steps: 0	Throughput: 527172.810862
Effective_runtime: 3.366971	Effective_commits: 1139652	Effective_throughput: 338479.931183	Effective_energy_per_tx: 130.908798	Pkg_power: 44.310001	Threads: 6	Elapsed time: 3.367833	Commits: 1839538	Aborts: 24632	P-state: 6	Best-threads: 6	Steps: 0	Throughput: 546208.216119
