Effective_runtime: 7.155114	Effective_commits: 1349991	Effective_throughput: 188674.975056	Effective_energy_per_tx: 185.380355	Pkg_power: 34.976634	Threads: 3	Elapsed time: 7.156025	Commits: 1839535	Aborts: 9844	P-state: 11	Best-threads: 3	Steps: 0	Throughput: 257061.010443
Effective_runtime: 6.833054	Effective_commits: 1379997	Effective_throughput: 201959.034760	Effective_energy_per_tx: 173.427526	Pkg_power: 35.025256	Threads: 3	Elapsed time: 6.833913	Commits: 1839535	Aborts: 8920	P-state: 11	Best-threads: 3	Steps: 0	Throughput: 269177.406320
Effective_runtime: 7.023926	Effective_commits: 1349994	Effective_throughput: 192199.361476	Effective_energy_per_tx: 181.053356	Pkg_power: 34.798339	Threads: 3	Elapsed time: 7.024753	Commits: 1839535	Aborts: 9791	P-state: 11	Best-threads: 3	Steps: 0	Throughput: 261864.719722
