Effective_runtime: 5.672427	Effective_commits: 1349994	Effective_throughput: 237992.320734	Effective_energy_per_tx: 156.660407	Pkg_power: 37.283974	Threads: 3	Elapsed time: 5.673232	Commits: 1839535	Aborts: 9075	P-state: 8	Best-threads: 3	Steps: 0	Throughput: 324248.148944
Effective_runtime: 5.521421	Effective_commits: 1349997	Effective_throughput: 244501.747003	Effective_energy_per_tx: 154.003041	Pkg_power: 37.654013	Threads: 3	Elapsed time: 5.522240	Commits: 1839535	Aborts: 9184	P-state: 8	Best-threads: 3	Steps: 0	Throughput: 333113.907775
Effective_runtime: 5.604500	Effective_commits: 1349997	Effective_throughput: 240877.333037	Effective_energy_per_tx: 156.484819	Pkg_power: 37.693646	Threads: 3	Elapsed time: 5.605219	Commits: 1839535	Aborts: 9142	P-state: 8	Best-threads: 3	Steps: 0	Throughput: 328182.545049
