Effective_runtime: 2.297237	Effective_commits: 879989	Effective_throughput: 383064.068256	Effective_energy_per_tx: 138.197799	Pkg_power: 52.938611	Threads: 11	Elapsed time: 2.298281	Commits: 1839544	Aborts: 47535	P-state: 3	Best-threads: 11	Steps: 0	Throughput: 800399.966988
Effective_runtime: 2.395250	Effective_commits: 879989	Effective_throughput: 367389.138938	Effective_energy_per_tx: 145.821930	Pkg_power: 53.573393	Threads: 11	Elapsed time: 2.397342	Commits: 1839544	Aborts: 54701	P-state: 3	Best-threads: 11	Steps: 0	Throughput: 767326.491425
Effective_runtime: 2.227851	Effective_commits: 879989	Effective_throughput: 394994.520722	Effective_energy_per_tx: 136.637641	Pkg_power: 53.971119	Threads: 11	Elapsed time: 2.229061	Commits: 1839544	Aborts: 45509	P-state: 3	Best-threads: 11	Steps: 0	Throughput: 825255.159993
