Effective_runtime: 4.883077	Effective_commits: 1540150	Effective_throughput: 315405.624785	Effective_energy_per_tx: 165.895004	Pkg_power: 52.324217	Threads: 2	Elapsed time: 4.883513	Commits: 1839536	Aborts: 4851	P-state: 1	Best-threads: 2	Steps: 0	Throughput: 376682.934984
Effective_runtime: 4.647900	Effective_commits: 1540150	Effective_throughput: 331364.703479	Effective_energy_per_tx: 159.415304	Pkg_power: 52.824605	Threads: 2	Elapsed time: 4.648370	Commits: 1839536	Aborts: 4477	P-state: 1	Best-threads: 2	Steps: 0	Throughput: 395737.858454
Effective_runtime: 4.738045	Effective_commits: 1540150	Effective_throughput: 325060.231567	Effective_energy_per_tx: 161.286201	Pkg_power: 52.427730	Threads: 2	Elapsed time: 4.738526	Commits: 1839536	Aborts: 4601	P-state: 1	Best-threads: 2	Steps: 0	Throughput: 388208.476411
