Effective_runtime: 2.434442	Effective_commits: 1000090	Effective_throughput: 410808.708743	Effective_energy_per_tx: 127.760330	Pkg_power: 52.485056	Threads: 10	Elapsed time: 2.435236	Commits: 1839543	Aborts: 44014	P-state: 3	Best-threads: 10	Steps: 0	Throughput: 755385.932716
Effective_runtime: 2.324556	Effective_commits: 1000090	Effective_throughput: 430228.329491	Effective_energy_per_tx: 124.657956	Pkg_power: 53.631384	Threads: 10	Elapsed time: 2.325544	Commits: 1839543	Aborts: 43157	P-state: 3	Best-threads: 10	Steps: 0	Throughput: 791016.250200
Effective_runtime: 2.327448	Effective_commits: 900080	Effective_throughput: 386723.920425	Effective_energy_per_tx: 137.280741	Pkg_power: 53.089746	Threads: 10	Elapsed time: 2.328544	Commits: 1839543	Aborts: 42439	P-state: 3	Best-threads: 10	Steps: 0	Throughput: 789997.130335
