Effective_runtime: 4.061759	Effective_commits: 839736	Effective_throughput: 206741.945249	Effective_energy_per_tx: 194.771728	Pkg_power: 40.267486	Threads: 12	Elapsed time: 4.063995	Commits: 1839543	Aborts: 66728	P-state: 11	Best-threads: 12	Steps: 0	Throughput: 452644.024484
Effective_runtime: 4.368323	Effective_commits: 839724	Effective_throughput: 192230.309101	Effective_energy_per_tx: 209.877862	Pkg_power: 40.344886	Threads: 12	Elapsed time: 4.374458	Commits: 1839543	Aborts: 72312	P-state: 11	Best-threads: 12	Steps: 0	Throughput: 420519.060565
Effective_runtime: 3.944865	Effective_commits: 839736	Effective_throughput: 212868.125441	Effective_energy_per_tx: 194.091556	Pkg_power: 41.315906	Threads: 12	Elapsed time: 3.949597	Commits: 1839543	Aborts: 67757	P-state: 11	Best-threads: 12	Steps: 0	Throughput: 465754.593184
