Effective_runtime: 2.510514	Effective_commits: 899175	Effective_throughput: 358163.754936	Effective_energy_per_tx: 147.562461	Pkg_power: 52.851525	Threads: 15	Elapsed time: 2.512481	Commits: 1839543	Aborts: 87550	P-state: 5	Best-threads: 15	Steps: 0	Throughput: 732161.962177
Effective_runtime: 2.727006	Effective_commits: 599445	Effective_throughput: 219817.962894	Effective_energy_per_tx: 245.848425	Pkg_power: 54.041900	Threads: 15	Elapsed time: 2.747582	Commits: 1839543	Aborts: 85693	P-state: 5	Best-threads: 15	Steps: 0	Throughput: 669513.422203
Effective_runtime: 2.840303	Effective_commits: 899175	Effective_throughput: 316577.174497	Effective_energy_per_tx: 173.024714	Pkg_power: 54.775675	Threads: 15	Elapsed time: 2.842000	Commits: 1839543	Aborts: 96837	P-state: 5	Best-threads: 15	Steps: 0	Throughput: 647270.582358
