Effective_runtime: 3.365824	Effective_commits: 899175	Effective_throughput: 267148.572674	Effective_energy_per_tx: 171.672633	Pkg_power: 45.862099	Threads: 15	Elapsed time: 3.392758	Commits: 1839543	Aborts: 94487	P-state: 9	Best-threads: 15	Steps: 0	Throughput: 542196.955464
Effective_runtime: 3.350287	Effective_commits: 899175	Effective_throughput: 268387.421242	Effective_energy_per_tx: 171.228638	Pkg_power: 45.955613	Threads: 15	Elapsed time: 3.355558	Commits: 1839543	Aborts: 91876	P-state: 9	Best-threads: 15	Steps: 0	Throughput: 548207.792758
Effective_runtime: 4.226852	Effective_commits: 599445	Effective_throughput: 141818.321300	Effective_energy_per_tx: 310.695026	Pkg_power: 44.062247	Threads: 15	Elapsed time: 4.228634	Commits: 1839543	Aborts: 121241	P-state: 9	Best-threads: 15	Steps: 0	Throughput: 435020.611436
