Effective_runtime: 3.399762	Effective_commits: 909805	Effective_throughput: 267608.416669	Effective_energy_per_tx: 166.846016	Pkg_power: 44.649398	Threads: 13	Elapsed time: 3.406102	Commits: 1839545	Aborts: 74536	P-state: 9	Best-threads: 13	Steps: 0	Throughput: 540073.383384
Effective_runtime: 3.941502	Effective_commits: 779831	Effective_throughput: 197851.204010	Effective_energy_per_tx: 218.829796	Pkg_power: 43.295739	Threads: 13	Elapsed time: 3.944549	Commits: 1839545	Aborts: 87440	P-state: 9	Best-threads: 13	Steps: 0	Throughput: 466351.149640
Effective_runtime: 3.639706	Effective_commits: 779831	Effective_throughput: 214256.580282	Effective_energy_per_tx: 206.543997	Pkg_power: 44.253411	Threads: 13	Elapsed time: 3.641898	Commits: 1839545	Aborts: 84250	P-state: 9	Best-threads: 13	Steps: 0	Throughput: 505106.107200
