Effective_runtime: 3.263850	Effective_commits: 1150110	Effective_throughput: 352378.360434	Effective_energy_per_tx: 129.794487	Pkg_power: 45.736769	Threads: 5	Elapsed time: 3.264523	Commits: 1839538	Aborts: 20455	P-state: 3	Best-threads: 5	Steps: 0	Throughput: 563493.650826
Effective_runtime: 3.071400	Effective_commits: 1150110	Effective_throughput: 374457.894131	Effective_energy_per_tx: 122.072706	Pkg_power: 45.711088	Threads: 5	Elapsed time: 3.072035	Commits: 1839538	Aborts: 18956	P-state: 3	Best-threads: 5	Steps: 0	Throughput: 598801.105960
Effective_runtime: 3.187850	Effective_commits: 1150110	Effective_throughput: 360779.222025	Effective_energy_per_tx: 126.231871	Pkg_power: 45.541836	Threads: 5	Elapsed time: 3.188661	Commits: 1839538	Aborts: 19600	P-state: 3	Best-threads: 5	Steps: 0	Throughput: 576899.815687
