Effective_runtime: 2.274146	Effective_commits: 400020	Effective_throughput: 175898.970203	Effective_energy_per_tx: 426.891323	Pkg_power: 75.089744	Threads: 20	Elapsed time: 2.276049	Commits: 1839545	Aborts: 146651	P-state: 1	Best-threads: 20	Steps: 0	Throughput: 808218.576083
Effective_runtime: 2.144150	Effective_commits: 600040	Effective_throughput: 279849.818066	Effective_energy_per_tx: 269.054455	Pkg_power: 75.294840	Threads: 20	Elapsed time: 2.149401	Commits: 1839545	Aborts: 121589	P-state: 1	Best-threads: 20	Steps: 0	Throughput: 855840.786916
Effective_runtime: 2.020457	Effective_commits: 800060	Effective_throughput: 395979.632246	Effective_energy_per_tx: 192.919151	Pkg_power: 76.392054	Threads: 20	Elapsed time: 2.022687	Commits: 1839545	Aborts: 122667	P-state: 1	Best-threads: 20	Steps: 0	Throughput: 909456.103645
