Effective_runtime: 4.206020	Effective_commits: 699776	Effective_throughput: 166374.864675	Effective_energy_per_tx: 244.991972	Pkg_power: 40.760506	Threads: 14	Elapsed time: 4.208624	Commits: 1839546	Aborts: 82691	P-state: 11	Best-threads: 14	Steps: 0	Throughput: 437089.663933
Effective_runtime: 4.005814	Effective_commits: 559818	Effective_throughput: 139751.385895	Effective_energy_per_tx: 302.975172	Pkg_power: 42.341200	Threads: 14	Elapsed time: 4.011025	Commits: 1839546	Aborts: 80395	P-state: 11	Best-threads: 14	Steps: 0	Throughput: 458622.427445
Effective_runtime: 3.957940	Effective_commits: 839734	Effective_throughput: 212164.402272	Effective_energy_per_tx: 203.061627	Pkg_power: 43.082449	Threads: 14	Elapsed time: 3.959957	Commits: 1839546	Aborts: 82838	P-state: 11	Best-threads: 14	Steps: 0	Throughput: 464536.875958
