Effective_runtime: 1.775727	Effective_commits: 899175	Effective_throughput: 506369.944116	Effective_energy_per_tx: 153.096966	Pkg_power: 77.523702	Threads: 15	Elapsed time: 1.779165	Commits: 1839543	Aborts: 92535	P-state: 0	Best-threads: 15	Steps: 0	Throughput: 1033936.127044
Effective_runtime: 2.288835	Effective_commits: 599445	Effective_throughput: 261899.668753	Effective_energy_per_tx: 290.170923	Pkg_power: 75.995669	Threads: 15	Elapsed time: 2.313184	Commits: 1839543	Aborts: 109261	P-state: 0	Best-threads: 15	Steps: 0	Throughput: 795242.826246
Effective_runtime: 1.861885	Effective_commits: 899175	Effective_throughput: 482937.877691	Effective_energy_per_tx: 162.089696	Pkg_power: 78.279254	Threads: 15	Elapsed time: 1.863194	Commits: 1839543	Aborts: 89918	P-state: 0	Best-threads: 15	Steps: 0	Throughput: 987306.212374
