Effective_runtime: 4.765272	Effective_commits: 1280120	Effective_throughput: 268635.258996	Effective_energy_per_tx: 143.234477	Pkg_power: 38.477831	Threads: 4	Elapsed time: 4.766002	Commits: 1839536	Aborts: 14341	P-state: 8	Best-threads: 4	Steps: 0	Throughput: 385970.468171
Effective_runtime: 4.659740	Effective_commits: 1280124	Effective_throughput: 274720.051588	Effective_energy_per_tx: 140.172467	Pkg_power: 38.508187	Threads: 4	Elapsed time: 4.660590	Commits: 1839536	Aborts: 13629	P-state: 8	Best-threads: 4	Steps: 0	Throughput: 394700.247456
Effective_runtime: 4.649920	Effective_commits: 1280124	Effective_throughput: 275300.201628	Effective_energy_per_tx: 144.772058	Pkg_power: 39.855777	Threads: 4	Elapsed time: 4.650668	Commits: 1839536	Aborts: 13576	P-state: 8	Best-threads: 4	Steps: 0	Throughput: 395542.325803
