Effective_runtime: 3.025072	Effective_commits: 480032	Effective_throughput: 158684.486251	Effective_energy_per_tx: 329.789793	Pkg_power: 52.332524	Threads: 16	Elapsed time: 3.026862	Commits: 1839540	Aborts: 103394	P-state: 6	Best-threads: 16	Steps: 0	Throughput: 607738.282155
Effective_runtime: 2.886483	Effective_commits: 640048	Effective_throughput: 221739.772371	Effective_energy_per_tx: 235.533090	Pkg_power: 52.227054	Threads: 16	Elapsed time: 2.893247	Commits: 1839540	Aborts: 104586	P-state: 6	Best-threads: 16	Steps: 0	Throughput: 635804.710245
Effective_runtime: 3.021555	Effective_commits: 640048	Effective_throughput: 211827.345384	Effective_energy_per_tx: 244.575891	Pkg_power: 51.807862	Threads: 16	Elapsed time: 3.031632	Commits: 1839540	Aborts: 106581	P-state: 6	Best-threads: 16	Steps: 0	Throughput: 606782.100342
