Effective_runtime: 2.282653	Effective_commits: 1049678	Effective_throughput: 459849.918015	Effective_energy_per_tx: 131.769226	Pkg_power: 60.594068	Threads: 7	Elapsed time: 2.283441	Commits: 1839539	Aborts: 28694	P-state: 1	Best-threads: 7	Steps: 0	Throughput: 805599.508038
Effective_runtime: 2.266624	Effective_commits: 1049678	Effective_throughput: 463101.890805	Effective_energy_per_tx: 130.747653	Pkg_power: 60.549485	Threads: 7	Elapsed time: 2.267391	Commits: 1839539	Aborts: 25903	P-state: 1	Best-threads: 7	Steps: 0	Throughput: 811302.076813
Effective_runtime: 2.308165	Effective_commits: 1049678	Effective_throughput: 454767.277530	Effective_energy_per_tx: 134.424540	Pkg_power: 61.131882	Threads: 7	Elapsed time: 2.308857	Commits: 1839539	Aborts: 27615	P-state: 1	Best-threads: 7	Steps: 0	Throughput: 796731.468685
