Effective_runtime: 2.524202	Effective_commits: 849728	Effective_throughput: 336632.386021	Effective_energy_per_tx: 168.755172	Pkg_power: 56.808456	Threads: 17	Elapsed time: 2.528495	Commits: 1839540	Aborts: 110604	P-state: 4	Best-threads: 17	Steps: 0	Throughput: 727523.663942
Effective_runtime: 2.578502	Effective_commits: 849728	Effective_throughput: 329543.307999	Effective_energy_per_tx: 173.216249	Pkg_power: 57.082256	Threads: 17	Elapsed time: 2.580762	Commits: 1839540	Aborts: 113680	P-state: 4	Best-threads: 17	Steps: 0	Throughput: 712789.503456
Effective_runtime: 2.427780	Effective_commits: 849728	Effective_throughput: 350002.108799	Effective_energy_per_tx: 164.132482	Pkg_power: 57.446715	Threads: 17	Elapsed time: 2.429754	Commits: 1839540	Aborts: 109506	P-state: 4	Best-threads: 17	Steps: 0	Throughput: 757088.983403
