Effective_runtime: 3.421271	Effective_commits: 679762	Effective_throughput: 198686.959451	Effective_energy_per_tx: 240.229608	Pkg_power: 47.730490	Threads: 17	Elapsed time: 3.424529	Commits: 1839540	Aborts: 117131	P-state: 8	Best-threads: 17	Steps: 0	Throughput: 537165.829046
Effective_runtime: 3.478835	Effective_commits: 509830	Effective_throughput: 146551.946525	Effective_energy_per_tx: 325.233956	Pkg_power: 47.663669	Threads: 17	Elapsed time: 3.480891	Commits: 1839540	Aborts: 116931	P-state: 8	Best-threads: 17	Steps: 0	Throughput: 528468.143832
Effective_runtime: 3.838400	Effective_commits: 509830	Effective_throughput: 132823.557546	Effective_energy_per_tx: 356.712422	Pkg_power: 47.379813	Threads: 17	Elapsed time: 3.840633	Commits: 1839540	Aborts: 128631	P-state: 8	Best-threads: 17	Steps: 0	Throughput: 478967.900937
