Effective_runtime: 2.265173	Effective_commits: 879989	Effective_throughput: 388486.520865	Effective_energy_per_tx: 141.237936	Pkg_power: 54.869034	Threads: 11	Elapsed time: 2.266122	Commits: 1839544	Aborts: 48116	P-state: 2	Best-threads: 11	Steps: 0	Throughput: 811758.638829
Effective_runtime: 2.217612	Effective_commits: 879989	Effective_throughput: 396818.229457	Effective_energy_per_tx: 138.933072	Pkg_power: 55.131176	Threads: 11	Elapsed time: 2.223232	Commits: 1839544	Aborts: 48230	P-state: 2	Best-threads: 11	Steps: 0	Throughput: 827418.809399
Effective_runtime: 2.256567	Effective_commits: 879989	Effective_throughput: 389968.088052	Effective_energy_per_tx: 140.496213	Pkg_power: 54.789040	Threads: 11	Elapsed time: 2.257333	Commits: 1839544	Aborts: 50445	P-state: 2	Best-threads: 11	Steps: 0	Throughput: 814919.270441
