Effective_runtime: 4.410937	Effective_commits: 1349997	Effective_throughput: 306056.755660	Effective_energy_per_tx: 142.486480	Pkg_power: 43.608950	Threads: 3	Elapsed time: 4.411529	Commits: 1839535	Aborts: 9552	P-state: 3	Best-threads: 3	Steps: 0	Throughput: 416983.561177
Effective_runtime: 4.148428	Effective_commits: 1349997	Effective_throughput: 325423.743659	Effective_energy_per_tx: 133.048142	Pkg_power: 43.297024	Threads: 3	Elapsed time: 4.149144	Commits: 1839535	Aborts: 8728	P-state: 3	Best-threads: 3	Steps: 0	Throughput: 443352.875544
Effective_runtime: 4.275280	Effective_commits: 1349994	Effective_throughput: 315767.388113	Effective_energy_per_tx: 136.485219	Pkg_power: 43.097581	Threads: 3	Elapsed time: 4.275860	Commits: 1839535	Aborts: 10361	P-state: 3	Best-threads: 3	Steps: 0	Throughput: 430214.031651
