Effective_runtime: 8.540487	Effective_commits: 1540148	Effective_throughput: 180334.910344	Effective_energy_per_tx: 193.255057	Pkg_power: 34.850633	Threads: 2	Elapsed time: 8.541180	Commits: 1839536	Aborts: 4594	P-state: 10	Best-threads: 2	Steps: 0	Throughput: 215372.579805
Effective_runtime: 8.718244	Effective_commits: 1520152	Effective_throughput: 174364.479803	Effective_energy_per_tx: 203.887267	Pkg_power: 35.550697	Threads: 2	Elapsed time: 8.719039	Commits: 1839536	Aborts: 4974	P-state: 10	Best-threads: 2	Steps: 0	Throughput: 210979.215455
Effective_runtime: 8.618437	Effective_commits: 1520152	Effective_throughput: 176383.718937	Effective_energy_per_tx: 197.739368	Pkg_power: 34.878005	Threads: 2	Elapsed time: 8.619229	Commits: 1839536	Aborts: 4525	P-state: 10	Best-threads: 2	Steps: 0	Throughput: 213422.341392
