Effective_runtime: 2.626708	Effective_commits: 769989	Effective_throughput: 293138.450879	Effective_energy_per_tx: 172.564581	Pkg_power: 50.585314	Threads: 11	Elapsed time: 2.627985	Commits: 1839544	Aborts: 48162	P-state: 5	Best-threads: 11	Steps: 0	Throughput: 699982.686192
Effective_runtime: 2.577670	Effective_commits: 769989	Effective_throughput: 298715.120778	Effective_energy_per_tx: 163.622747	Pkg_power: 48.876589	Threads: 11	Elapsed time: 2.579190	Commits: 1839544	Aborts: 46325	P-state: 5	Best-threads: 11	Steps: 0	Throughput: 713225.465645
Effective_runtime: 2.486161	Effective_commits: 989989	Effective_throughput: 398199.827820	Effective_energy_per_tx: 128.489967	Pkg_power: 51.164683	Threads: 11	Elapsed time: 2.487533	Commits: 1839544	Aborts: 46155	P-state: 5	Best-threads: 11	Steps: 0	Throughput: 739505.408736
