Effective_runtime: 2.499424	Effective_commits: 509830	Effective_throughput: 203978.997332	Effective_energy_per_tx: 348.765887	Pkg_power: 71.140916	Threads: 17	Elapsed time: 2.527743	Commits: 1839540	Aborts: 130929	P-state: 1	Best-threads: 17	Steps: 0	Throughput: 727740.093202
Effective_runtime: 2.209059	Effective_commits: 509830	Effective_throughput: 230790.563172	Effective_energy_per_tx: 311.705170	Pkg_power: 71.938612	Threads: 17	Elapsed time: 2.226269	Commits: 1839540	Aborts: 111189	P-state: 1	Best-threads: 17	Steps: 0	Throughput: 826288.373706
Effective_runtime: 2.208652	Effective_commits: 339881	Effective_throughput: 153886.163142	Effective_energy_per_tx: 471.619870	Pkg_power: 72.575772	Threads: 17	Elapsed time: 2.229326	Commits: 1839540	Aborts: 118013	P-state: 1	Best-threads: 17	Steps: 0	Throughput: 825155.222679
