Effective_runtime: 3.763963	Effective_commits: 400020	Effective_throughput: 106276.273042	Effective_energy_per_tx: 447.064362	Pkg_power: 47.512334	Threads: 20	Elapsed time: 3.766384	Commits: 1839545	Aborts: 144075	P-state: 9	Best-threads: 20	Steps: 0	Throughput: 488411.415052
Effective_runtime: 3.504522	Effective_commits: 800060	Effective_throughput: 228293.585329	Effective_energy_per_tx: 201.245989	Pkg_power: 45.943168	Threads: 20	Elapsed time: 3.565573	Commits: 1839545	Aborts: 127134	P-state: 9	Best-threads: 20	Steps: 0	Throughput: 515918.482620
Effective_runtime: 3.255464	Effective_commits: 800060	Effective_throughput: 245759.119916	Effective_energy_per_tx: 197.821495	Pkg_power: 48.616436	Threads: 20	Elapsed time: 3.281404	Commits: 1839545	Aborts: 122259	P-state: 9	Best-threads: 20	Steps: 0	Throughput: 560596.924269
