Effective_runtime: 3.088456	Effective_commits: 699776	Effective_throughput: 226577.969908	Effective_energy_per_tx: 234.539959	Pkg_power: 53.141588	Threads: 14	Elapsed time: 3.089757	Commits: 1839546	Aborts: 104570	P-state: 5	Best-threads: 14	Steps: 0	Throughput: 595369.157011
Effective_runtime: 2.959495	Effective_commits: 699776	Effective_throughput: 236451.179737	Effective_energy_per_tx: 223.203612	Pkg_power: 52.776757	Threads: 14	Elapsed time: 2.960868	Commits: 1839546	Aborts: 96578	P-state: 5	Best-threads: 14	Steps: 0	Throughput: 621286.030085
Effective_runtime: 2.890350	Effective_commits: 699776	Effective_throughput: 242107.743510	Effective_energy_per_tx: 213.526208	Pkg_power: 51.696348	Threads: 14	Elapsed time: 2.893989	Commits: 1839546	Aborts: 89521	P-state: 5	Best-threads: 14	Steps: 0	Throughput: 635643.724022
