Effective_runtime: 4.488552	Effective_commits: 1079670	Effective_throughput: 240538.619365	Effective_energy_per_tx: 158.488223	Pkg_power: 38.122538	Threads: 6	Elapsed time: 4.489703	Commits: 1839538	Aborts: 27212	P-state: 10	Best-threads: 6	Steps: 0	Throughput: 409723.766714
Effective_runtime: 4.277372	Effective_commits: 1079670	Effective_throughput: 252414.343535	Effective_energy_per_tx: 151.292088	Pkg_power: 38.188293	Threads: 6	Elapsed time: 4.278374	Commits: 1839538	Aborts: 23298	P-state: 10	Best-threads: 6	Steps: 0	Throughput: 429961.923879
Effective_runtime: 4.308587	Effective_commits: 1139652	Effective_throughput: 264507.141547	Effective_energy_per_tx: 144.475774	Pkg_power: 38.214874	Threads: 6	Elapsed time: 4.309701	Commits: 1839538	Aborts: 23924	P-state: 10	Best-threads: 6	Steps: 0	Throughput: 426836.575104
