Effective_runtime: 3.332003	Effective_commits: 759601	Effective_throughput: 227971.299144	Effective_energy_per_tx: 214.231444	Pkg_power: 48.838621	Threads: 19	Elapsed time: 3.337038	Commits: 1839550	Aborts: 130380	P-state: 8	Best-threads: 19	Steps: 0	Throughput: 551252.331517
Effective_runtime: 3.266112	Effective_commits: 379791	Effective_throughput: 116282.283317	Effective_energy_per_tx: 424.944001	Pkg_power: 49.413459	Threads: 19	Elapsed time: 3.288398	Commits: 1839550	Aborts: 123335	P-state: 8	Best-threads: 19	Steps: 0	Throughput: 559406.166174
Effective_runtime: 3.188662	Effective_commits: 569696	Effective_throughput: 178663.020109	Effective_energy_per_tx: 275.426738	Pkg_power: 49.208573	Threads: 19	Elapsed time: 3.251462	Commits: 1839550	Aborts: 112514	P-state: 8	Best-threads: 19	Steps: 0	Throughput: 565760.882265
