Effective_runtime: 3.872655	Effective_commits: 600040	Effective_throughput: 154942.816206	Effective_energy_per_tx: 278.762236	Pkg_power: 43.192206	Threads: 20	Elapsed time: 3.893420	Commits: 1839545	Aborts: 120004	P-state: 11	Best-threads: 20	Steps: 0	Throughput: 472475.358162
Effective_runtime: 3.920310	Effective_commits: 800060	Effective_throughput: 204080.789269	Effective_energy_per_tx: 218.597014	Pkg_power: 44.611451	Threads: 20	Elapsed time: 3.923810	Commits: 1839545	Aborts: 125120	P-state: 11	Best-threads: 20	Steps: 0	Throughput: 468816.022582
Effective_runtime: 3.882961	Effective_commits: 800060	Effective_throughput: 206043.769508	Effective_energy_per_tx: 216.896554	Pkg_power: 44.690184	Threads: 20	Elapsed time: 3.885829	Commits: 1839545	Aborts: 131117	P-state: 11	Best-threads: 20	Steps: 0	Throughput: 473398.343911
