Effective_runtime: 2.575855	Effective_commits: 1040096	Effective_throughput: 403786.700854	Effective_energy_per_tx: 121.685221	Pkg_power: 49.134874	Threads: 8	Elapsed time: 2.576720	Commits: 1839540	Aborts: 28016	P-state: 4	Best-threads: 8	Steps: 0	Throughput: 713907.603655
Effective_runtime: 2.806517	Effective_commits: 960088	Effective_throughput: 342092.378175	Effective_energy_per_tx: 143.244979	Pkg_power: 49.003015	Threads: 8	Elapsed time: 2.807399	Commits: 1839540	Aborts: 36934	P-state: 4	Best-threads: 8	Steps: 0	Throughput: 655247.072965
Effective_runtime: 2.660555	Effective_commits: 1040096	Effective_throughput: 390932.026271	Effective_energy_per_tx: 123.584878	Pkg_power: 48.313287	Threads: 8	Elapsed time: 2.661705	Commits: 1839540	Aborts: 30170	P-state: 4	Best-threads: 8	Steps: 0	Throughput: 691113.398438
