Effective_runtime: 2.843724	Effective_commits: 1049678	Effective_throughput: 369120.857207	Effective_energy_per_tx: 127.851730	Pkg_power: 47.192740	Threads: 7	Elapsed time: 2.844723	Commits: 1839539	Aborts: 26341	P-state: 4	Best-threads: 7	Steps: 0	Throughput: 646649.606626
Effective_runtime: 2.754467	Effective_commits: 1049678	Effective_throughput: 381082.129139	Effective_energy_per_tx: 123.332882	Pkg_power: 46.999957	Threads: 7	Elapsed time: 2.755283	Commits: 1839539	Aborts: 24214	P-state: 4	Best-threads: 7	Steps: 0	Throughput: 667640.645875
Effective_runtime: 2.689920	Effective_commits: 1049678	Effective_throughput: 390226.405793	Effective_energy_per_tx: 121.139774	Pkg_power: 47.271939	Threads: 7	Elapsed time: 2.690735	Commits: 1839539	Aborts: 22216	P-state: 4	Best-threads: 7	Steps: 0	Throughput: 683656.670193
