Effective_runtime: 6.621526	Effective_commits: 1520148	Effective_throughput: 229576.687085	Effective_energy_per_tx: 166.980199	Pkg_power: 38.334761	Threads: 2	Elapsed time: 6.622181	Commits: 1839536	Aborts: 4906	P-state: 6	Best-threads: 2	Steps: 0	Throughput: 277784.013609
Effective_runtime: 6.640488	Effective_commits: 1500146	Effective_throughput: 225909.007556	Effective_energy_per_tx: 168.564216	Pkg_power: 38.080175	Threads: 2	Elapsed time: 6.641078	Commits: 1839536	Aborts: 4836	P-state: 6	Best-threads: 2	Steps: 0	Throughput: 276993.584671
Effective_runtime: 6.466406	Effective_commits: 1520150	Effective_throughput: 235084.206092	Effective_energy_per_tx: 163.525178	Pkg_power: 38.442187	Threads: 2	Elapsed time: 6.467086	Commits: 1839536	Aborts: 4604	P-state: 6	Best-threads: 2	Steps: 0	Throughput: 284445.881526
