Effective_runtime: 3.127115	Effective_commits: 800064	Effective_throughput: 255847.306905	Effective_energy_per_tx: 188.803458	Pkg_power: 48.304856	Threads: 16	Elapsed time: 3.131362	Commits: 1839540	Aborts: 103071	P-state: 8	Best-threads: 16	Steps: 0	Throughput: 587456.839132
Effective_runtime: 3.404664	Effective_commits: 640048	Effective_throughput: 187991.547905	Effective_energy_per_tx: 249.320529	Pkg_power: 46.870152	Threads: 16	Elapsed time: 3.411419	Commits: 1839540	Aborts: 102062	P-state: 8	Best-threads: 16	Steps: 0	Throughput: 539230.131914
Effective_runtime: 3.205415	Effective_commits: 480032	Effective_throughput: 149756.578174	Effective_energy_per_tx: 318.664491	Pkg_power: 47.722104	Threads: 16	Elapsed time: 3.242830	Commits: 1839540	Aborts: 97005	P-state: 8	Best-threads: 16	Steps: 0	Throughput: 567263.772200
