Effective_runtime: 12.696701	Effective_commits: 1830000	Effective_throughput: 144131.927467	Effective_energy_per_tx: 250.027643	Pkg_power: 36.036966	Threads: 1	Elapsed time: 12.697276	Commits: 1839535	Aborts: 0	P-state: 7	Best-threads: 1	Steps: 0	Throughput: 144876.351260
Effective_runtime: 12.548652	Effective_commits: 1830000	Effective_throughput: 145832.396025	Effective_energy_per_tx: 247.762578	Pkg_power: 36.131810	Threads: 1	Elapsed time: 12.549214	Commits: 1839535	Aborts: 0	P-state: 7	Best-threads: 1	Steps: 0	Throughput: 146585.673152
Effective_runtime: 12.567323	Effective_commits: 1830000	Effective_throughput: 145615.734460	Effective_energy_per_tx: 248.252658	Pkg_power: 36.149493	Threads: 1	Elapsed time: 12.567890	Commits: 1839535	Aborts: 0	P-state: 7	Best-threads: 1	Steps: 0	Throughput: 146367.845002
