Effective_runtime: 5.660145	Pkg_power: 64.496104	Energy_total: 365.057293	Threads: 20	Elapsed time: 5.668574	Commits: 15072136	Aborts: 48632	P-state: 6	Best-threads: 20	Steps: 1	Throughput: 2658893.709072
Effective_runtime: 5.736426	Pkg_power: 64.578330	Energy_total: 370.448820	Threads: 20	Elapsed time: 5.786175	Commits: 15072136	Aborts: 52694	P-state: 6	Best-threads: 20	Steps: 1	Throughput: 2604853.114054
Effective_runtime: 5.107371	Pkg_power: 67.092504	Energy_total: 342.666298	Threads: 20	Elapsed time: 5.118880	Commits: 15072136	Aborts: 42474	P-state: 6	Best-threads: 20	Steps: 1	Throughput: 2944420.635253
Effective_runtime: 5.636992	Pkg_power: 64.711274	Energy_total: 364.776959	Threads: 20	Elapsed time: 5.679830	Commits: 15072136	Aborts: 42108	P-state: 6	Best-threads: 20	Steps: 1	Throughput: 2653624.457564
