Effective_runtime: 3.465820	Effective_commits: 640048	Effective_throughput: 184674.357262	Effective_energy_per_tx: 249.444593	Pkg_power: 46.066020	Threads: 16	Elapsed time: 3.478993	Commits: 1839540	Aborts: 97051	P-state: 9	Best-threads: 16	Steps: 0	Throughput: 528756.462648
Effective_runtime: 3.369236	Effective_commits: 800064	Effective_throughput: 237461.572828	Effective_energy_per_tx: 196.293457	Pkg_power: 46.612153	Threads: 16	Elapsed time: 3.378207	Commits: 1839540	Aborts: 100872	P-state: 9	Best-threads: 16	Steps: 0	Throughput: 544531.468101
Effective_runtime: 3.622341	Effective_commits: 800064	Effective_throughput: 220869.324361	Effective_energy_per_tx: 210.837924	Pkg_power: 46.567630	Threads: 16	Elapsed time: 3.629321	Commits: 1839540	Aborts: 102635	P-state: 9	Best-threads: 16	Steps: 0	Throughput: 506855.158584
