Effective_runtime: 2.466453	Effective_commits: 569696	Effective_throughput: 230977.861246	Effective_energy_per_tx: 263.985782	Pkg_power: 60.974871	Threads: 19	Elapsed time: 2.470544	Commits: 1839550	Aborts: 119022	P-state: 2	Best-threads: 19	Steps: 0	Throughput: 744593.063586
Effective_runtime: 2.666846	Effective_commits: 379791	Effective_throughput: 142412.048164	Effective_energy_per_tx: 438.453979	Pkg_power: 62.441129	Threads: 19	Elapsed time: 2.669486	Commits: 1839550	Aborts: 145476	P-state: 2	Best-threads: 19	Steps: 0	Throughput: 689102.684342
Effective_runtime: 2.494063	Effective_commits: 569696	Effective_throughput: 228420.857690	Effective_energy_per_tx: 272.659627	Pkg_power: 62.281146	Threads: 19	Elapsed time: 2.502597	Commits: 1839550	Aborts: 120117	P-state: 2	Best-threads: 19	Steps: 0	Throughput: 735056.465928
