Effective_runtime: 4.515072	Effective_commits: 1150110	Effective_throughput: 254726.822340	Effective_energy_per_tx: 151.504047	Pkg_power: 38.592145	Threads: 5	Elapsed time: 4.516153	Commits: 1839538	Aborts: 20694	P-state: 9	Best-threads: 5	Steps: 0	Throughput: 407324.100939
Effective_runtime: 4.435797	Effective_commits: 1150110	Effective_throughput: 259279.211646	Effective_energy_per_tx: 150.853104	Pkg_power: 39.113074	Threads: 5	Elapsed time: 4.436777	Commits: 1839538	Aborts: 19078	P-state: 9	Best-threads: 5	Steps: 0	Throughput: 414611.338642
Effective_runtime: 4.445756	Effective_commits: 1150110	Effective_throughput: 258698.402688	Effective_energy_per_tx: 149.352424	Pkg_power: 38.637233	Threads: 5	Elapsed time: 4.446651	Commits: 1839538	Aborts: 18712	P-state: 9	Best-threads: 5	Steps: 0	Throughput: 413690.664612
