Effective_runtime: 3.035213	Effective_commits: 519883	Effective_throughput: 171283.858611	Effective_energy_per_tx: 280.934780	Pkg_power: 48.119593	Threads: 13	Elapsed time: 3.037793	Commits: 1839545	Aborts: 79354	P-state: 6	Best-threads: 13	Steps: 0	Throughput: 605553.126167
Effective_runtime: 2.835503	Effective_commits: 649857	Effective_throughput: 229185.815167	Effective_energy_per_tx: 208.212153	Pkg_power: 47.719272	Threads: 13	Elapsed time: 2.840669	Commits: 1839545	Aborts: 71894	P-state: 6	Best-threads: 13	Steps: 0	Throughput: 647574.586811
Effective_runtime: 2.938695	Effective_commits: 779831	Effective_throughput: 265366.434894	Effective_energy_per_tx: 192.272331	Pkg_power: 51.022623	Threads: 13	Elapsed time: 2.946241	Commits: 1839545	Aborts: 76891	P-state: 6	Best-threads: 13	Steps: 0	Throughput: 624370.142280
