Effective_runtime: 2.559317	Effective_commits: 1119657	Effective_throughput: 437482.667644	Effective_energy_per_tx: 111.651786	Pkg_power: 48.845721	Threads: 7	Elapsed time: 2.560148	Commits: 1839539	Aborts: 23108	P-state: 3	Best-threads: 7	Steps: 0	Throughput: 718528.381752
Effective_runtime: 2.716590	Effective_commits: 1049678	Effective_throughput: 386395.383839	Effective_energy_per_tx: 127.038843	Pkg_power: 49.087223	Threads: 7	Elapsed time: 2.717400	Commits: 1839539	Aborts: 26301	P-state: 3	Best-threads: 7	Steps: 0	Throughput: 676948.167330
Effective_runtime: 2.600016	Effective_commits: 1049678	Effective_throughput: 403719.813480	Effective_energy_per_tx: 124.030231	Pkg_power: 50.073462	Threads: 7	Elapsed time: 2.600980	Commits: 1839539	Aborts: 25651	P-state: 3	Best-threads: 7	Steps: 0	Throughput: 707248.409945
