Effective_runtime: 4.208274	Effective_commits: 959688	Effective_throughput: 228047.879630	Effective_energy_per_tx: 186.441138	Pkg_power: 42.517506	Threads: 12	Elapsed time: 4.210659	Commits: 1839543	Aborts: 80092	P-state: 10	Best-threads: 12	Steps: 0	Throughput: 436877.692580
Effective_runtime: 3.725455	Effective_commits: 839736	Effective_throughput: 225404.957918	Effective_energy_per_tx: 187.797814	Pkg_power: 42.330558	Threads: 12	Elapsed time: 3.728558	Commits: 1839543	Aborts: 68452	P-state: 10	Best-threads: 12	Steps: 0	Throughput: 493365.823006
Effective_runtime: 3.993066	Effective_commits: 719772	Effective_throughput: 180255.490061	Effective_energy_per_tx: 234.966841	Pkg_power: 42.354063	Threads: 12	Elapsed time: 4.002946	Commits: 1839543	Aborts: 72379	P-state: 10	Best-threads: 12	Steps: 0	Throughput: 459547.304903
