Effective_runtime: 3.024234	Effective_commits: 909805	Effective_throughput: 300838.185833	Effective_energy_per_tx: 164.333654	Pkg_power: 49.437838	Threads: 13	Elapsed time: 3.025835	Commits: 1839545	Aborts: 74898	P-state: 7	Best-threads: 13	Steps: 0	Throughput: 607946.228848
Effective_runtime: 3.098891	Effective_commits: 909805	Effective_throughput: 293590.475708	Effective_energy_per_tx: 172.972360	Pkg_power: 50.783037	Threads: 13	Elapsed time: 3.100458	Commits: 1839545	Aborts: 77432	P-state: 7	Best-threads: 13	Steps: 0	Throughput: 593313.927776
Effective_runtime: 3.007349	Effective_commits: 649857	Effective_throughput: 216089.682345	Effective_energy_per_tx: 226.215806	Pkg_power: 48.882902	Threads: 13	Elapsed time: 3.021138	Commits: 1839545	Aborts: 71573	P-state: 7	Best-threads: 13	Steps: 0	Throughput: 608891.379197
