Effective_runtime: 14.165136	Effective_commits: 1830000	Effective_throughput: 129190.427966	Effective_energy_per_tx: 269.380707	Pkg_power: 34.801409	Threads: 1	Elapsed time: 14.165743	Commits: 1839535	Aborts: 0	P-state: 9	Best-threads: 1	Steps: 0	Throughput: 129857.995121
Effective_runtime: 14.041270	Effective_commits: 1830000	Effective_throughput: 130330.091669	Effective_energy_per_tx: 264.859581	Pkg_power: 34.519174	Threads: 1	Elapsed time: 14.041904	Commits: 1839535	Aborts: 0	P-state: 9	Best-threads: 1	Steps: 0	Throughput: 131003.245969
Effective_runtime: 14.170743	Effective_commits: 1830000	Effective_throughput: 129139.310278	Effective_energy_per_tx: 266.741994	Pkg_power: 34.446877	Threads: 1	Elapsed time: 14.171369	Commits: 1839535	Aborts: 0	P-state: 9	Best-threads: 1	Steps: 0	Throughput: 129806.442141
