Effective_runtime: 3.455460	Effective_commits: 1150110	Effective_throughput: 332838.446235	Effective_energy_per_tx: 133.329137	Pkg_power: 44.377063	Threads: 5	Elapsed time: 3.456277	Commits: 1839538	Aborts: 18774	P-state: 5	Best-threads: 5	Steps: 0	Throughput: 532231.047953
Effective_runtime: 3.689163	Effective_commits: 1150110	Effective_throughput: 311753.652496	Effective_energy_per_tx: 139.087584	Pkg_power: 43.361062	Threads: 5	Elapsed time: 3.689961	Commits: 1839538	Aborts: 20460	P-state: 5	Best-threads: 5	Steps: 0	Throughput: 498525.058029
Effective_runtime: 3.434977	Effective_commits: 1150110	Effective_throughput: 334823.192561	Effective_energy_per_tx: 133.925048	Pkg_power: 44.841212	Threads: 5	Elapsed time: 3.435802	Commits: 1839538	Aborts: 18584	P-state: 5	Best-threads: 5	Steps: 0	Throughput: 535402.799453
