Effective_runtime: 5.856979	Effective_commits: 1240120	Effective_throughput: 211733.723884	Effective_energy_per_tx: 169.402640	Pkg_power: 35.868252	Threads: 4	Elapsed time: 5.857902	Commits: 1839536	Aborts: 14006	P-state: 11	Best-threads: 4	Steps: 0	Throughput: 314026.418382
Effective_runtime: 5.812093	Effective_commits: 1240124	Effective_throughput: 213369.624602	Effective_energy_per_tx: 166.811565	Pkg_power: 35.592521	Threads: 4	Elapsed time: 5.813047	Commits: 1839536	Aborts: 15161	P-state: 11	Best-threads: 4	Steps: 0	Throughput: 316449.535235
Effective_runtime: 5.934848	Effective_commits: 1240120	Effective_throughput: 208955.649583	Effective_energy_per_tx: 173.983218	Pkg_power: 36.354776	Threads: 4	Elapsed time: 5.935752	Commits: 1839536	Aborts: 14853	P-state: 11	Best-threads: 4	Steps: 0	Throughput: 309907.830777
