Effective_runtime: 2.832650	Effective_commits: 759601	Effective_throughput: 268159.166416	Effective_energy_per_tx: 203.583917	Pkg_power: 54.592894	Threads: 19	Elapsed time: 2.853297	Commits: 1839550	Aborts: 116650	P-state: 7	Best-threads: 19	Steps: 0	Throughput: 644710.313409
Effective_runtime: 2.941045	Effective_commits: 759601	Effective_throughput: 258275.897051	Effective_energy_per_tx: 207.933420	Pkg_power: 53.704191	Threads: 19	Elapsed time: 2.953023	Commits: 1839550	Aborts: 117874	P-state: 7	Best-threads: 19	Steps: 0	Throughput: 622937.877003
Effective_runtime: 2.966546	Effective_commits: 759601	Effective_throughput: 256055.734417	Effective_energy_per_tx: 206.077466	Pkg_power: 52.767317	Threads: 19	Elapsed time: 2.971911	Commits: 1839550	Aborts: 113678	P-state: 7	Best-threads: 19	Steps: 0	Throughput: 618978.841819
