Effective_runtime: 16.047016	Effective_commits: 1830000	Effective_throughput: 114039.893921	Effective_energy_per_tx: 291.635869	Pkg_power: 33.258124	Threads: 1	Elapsed time: 16.047707	Commits: 1839535	Aborts: 0	P-state: 11	Best-threads: 1	Steps: 0	Throughput: 114629.148621
Effective_runtime: 16.114712	Effective_commits: 1830000	Effective_throughput: 113560.826182	Effective_energy_per_tx: 292.646149	Pkg_power: 33.233138	Threads: 1	Elapsed time: 16.115309	Commits: 1839535	Aborts: 0	P-state: 11	Best-threads: 1	Steps: 0	Throughput: 114148.292161
Effective_runtime: 16.176409	Effective_commits: 1830000	Effective_throughput: 113127.704813	Effective_energy_per_tx: 296.169469	Pkg_power: 33.504972	Threads: 1	Elapsed time: 16.177097	Commits: 1839535	Aborts: 0	P-state: 11	Best-threads: 1	Steps: 0	Throughput: 113712.305160
