Effective_runtime: 3.881940	Effective_commits: 449580	Effective_throughput: 115813.233135	Effective_energy_per_tx: 378.077056	Pkg_power: 43.786326	Threads: 15	Elapsed time: 3.883740	Commits: 1839543	Aborts: 92186	P-state: 10	Best-threads: 15	Steps: 0	Throughput: 473652.435944
Effective_runtime: 3.686445	Effective_commits: 749295	Effective_throughput: 203256.821158	Effective_energy_per_tx: 213.311295	Pkg_power: 43.356976	Threads: 15	Elapsed time: 3.691074	Commits: 1839543	Aborts: 88635	P-state: 10	Best-threads: 15	Steps: 0	Throughput: 498376.096653
Effective_runtime: 3.962357	Effective_commits: 749310	Effective_throughput: 189107.121357	Effective_energy_per_tx: 227.410459	Pkg_power: 43.004937	Threads: 15	Elapsed time: 3.969197	Commits: 1839543	Aborts: 91258	P-state: 10	Best-threads: 15	Steps: 0	Throughput: 463454.722542
