Effective_runtime: 2.491925	Effective_commits: 779831	Effective_throughput: 312943.218990	Effective_energy_per_tx: 174.260912	Pkg_power: 54.533771	Threads: 13	Elapsed time: 2.493106	Commits: 1839545	Aborts: 69707	P-state: 4	Best-threads: 13	Steps: 0	Throughput: 737852.665090
Effective_runtime: 2.734510	Effective_commits: 649857	Effective_throughput: 237650.293418	Effective_energy_per_tx: 221.582137	Pkg_power: 52.659060	Threads: 13	Elapsed time: 2.737611	Commits: 1839545	Aborts: 84326	P-state: 4	Best-threads: 13	Steps: 0	Throughput: 671952.648784
Effective_runtime: 2.796594	Effective_commits: 779831	Effective_throughput: 278850.318635	Effective_energy_per_tx: 186.972639	Pkg_power: 52.137380	Threads: 13	Elapsed time: 2.797957	Commits: 1839545	Aborts: 82577	P-state: 4	Best-threads: 13	Steps: 0	Throughput: 657460.025436
