Effective_runtime: 2.594634	Effective_commits: 699776	Effective_throughput: 269701.233296	Effective_energy_per_tx: 202.533251	Pkg_power: 54.623467	Threads: 14	Elapsed time: 2.597076	Commits: 1839546	Aborts: 87942	P-state: 4	Best-threads: 14	Steps: 0	Throughput: 708314.290025
Effective_runtime: 2.964970	Effective_commits: 699776	Effective_throughput: 236014.558633	Effective_energy_per_tx: 223.663181	Pkg_power: 52.787767	Threads: 14	Elapsed time: 2.970940	Commits: 1839546	Aborts: 108634	P-state: 4	Best-threads: 14	Steps: 0	Throughput: 619179.764651
Effective_runtime: 2.886592	Effective_commits: 699776	Effective_throughput: 242422.931284	Effective_energy_per_tx: 225.129623	Pkg_power: 54.576583	Threads: 14	Elapsed time: 2.887909	Commits: 1839546	Aborts: 95969	P-state: 4	Best-threads: 14	Steps: 0	Throughput: 636981.996682
