Effective_runtime: 2.536984	Effective_commits: 800060	Effective_throughput: 315358.759989	Effective_energy_per_tx: 176.545449	Pkg_power: 55.675154	Threads: 20	Elapsed time: 2.547949	Commits: 1839545	Aborts: 120129	P-state: 5	Best-threads: 20	Steps: 0	Throughput: 721970.865723
Effective_runtime: 2.490629	Effective_commits: 800060	Effective_throughput: 321228.061585	Effective_energy_per_tx: 176.260438	Pkg_power: 56.619799	Threads: 20	Elapsed time: 2.512718	Commits: 1839545	Aborts: 115326	P-state: 5	Best-threads: 20	Steps: 0	Throughput: 732093.703959
Effective_runtime: 2.662869	Effective_commits: 400020	Effective_throughput: 150221.460219	Effective_energy_per_tx: 388.839883	Pkg_power: 58.412095	Threads: 20	Elapsed time: 2.683436	Commits: 1839545	Aborts: 121954	P-state: 5	Best-threads: 20	Steps: 0	Throughput: 685518.452285
