Effective_runtime: 3.006840	Effective_commits: 1040096	Effective_throughput: 345910.041238	Effective_energy_per_tx: 129.997246	Pkg_power: 44.967353	Threads: 8	Elapsed time: 3.007866	Commits: 1839540	Aborts: 31665	P-state: 6	Best-threads: 8	Steps: 0	Throughput: 611576.465718
Effective_runtime: 3.039744	Effective_commits: 1040096	Effective_throughput: 342165.700856	Effective_energy_per_tx: 133.502267	Pkg_power: 45.679897	Threads: 8	Elapsed time: 3.040704	Commits: 1839540	Aborts: 31317	P-state: 6	Best-threads: 8	Steps: 0	Throughput: 604971.741015
Effective_runtime: 3.055361	Effective_commits: 1040096	Effective_throughput: 340416.756213	Effective_energy_per_tx: 132.512946	Pkg_power: 45.109627	Threads: 8	Elapsed time: 3.056361	Commits: 1839540	Aborts: 32671	P-state: 6	Best-threads: 8	Steps: 0	Throughput: 601872.626981
