Effective_runtime: 2.990910	Effective_commits: 1150110	Effective_throughput: 384535.127336	Effective_energy_per_tx: 123.907561	Pkg_power: 47.646810	Threads: 5	Elapsed time: 2.991658	Commits: 1839538	Aborts: 18709	P-state: 2	Best-threads: 5	Steps: 0	Throughput: 614889.091738
Effective_runtime: 2.987433	Effective_commits: 1150100	Effective_throughput: 384979.312154	Effective_energy_per_tx: 122.450879	Pkg_power: 47.141055	Threads: 5	Elapsed time: 2.988173	Commits: 1839538	Aborts: 18629	P-state: 2	Best-threads: 5	Steps: 0	Throughput: 615606.256765
Effective_runtime: 3.091999	Effective_commits: 1150110	Effective_throughput: 371963.278386	Effective_energy_per_tx: 125.943176	Pkg_power: 46.846237	Threads: 5	Elapsed time: 3.092745	Commits: 1839538	Aborts: 19877	P-state: 2	Best-threads: 5	Steps: 0	Throughput: 594791.391705
