Effective_runtime: 5.290030	Effective_commits: 1349997	Effective_throughput: 255196.496425	Effective_energy_per_tx: 155.722604	Pkg_power: 39.739863	Threads: 3	Elapsed time: 5.290613	Commits: 1839535	Aborts: 8907	P-state: 6	Best-threads: 3	Steps: 0	Throughput: 347697.898570
Effective_runtime: 4.920410	Effective_commits: 1349991	Effective_throughput: 274365.550336	Effective_energy_per_tx: 144.967049	Pkg_power: 39.773964	Threads: 3	Elapsed time: 4.921061	Commits: 1839535	Aborts: 9572	P-state: 6	Best-threads: 3	Steps: 0	Throughput: 373808.612702
Effective_runtime: 4.925957	Effective_commits: 1379994	Effective_throughput: 280147.373190	Effective_energy_per_tx: 147.124622	Pkg_power: 41.216576	Threads: 3	Elapsed time: 4.926677	Commits: 1839535	Aborts: 9944	P-state: 6	Best-threads: 3	Steps: 0	Throughput: 373382.505948
