Effective_runtime: 1.859552	Effective_commits: 1040096	Effective_throughput: 559326.183732	Effective_energy_per_tx: 120.451137	Pkg_power: 67.371475	Threads: 8	Elapsed time: 1.860370	Commits: 1839540	Aborts: 29065	P-state: 0	Best-threads: 8	Steps: 0	Throughput: 988803.217980
Effective_runtime: 1.872185	Effective_commits: 1040096	Effective_throughput: 555551.864088	Effective_energy_per_tx: 122.263827	Pkg_power: 67.923897	Threads: 8	Elapsed time: 1.872938	Commits: 1839540	Aborts: 26996	P-state: 0	Best-threads: 8	Steps: 0	Throughput: 982168.166177
Effective_runtime: 1.831945	Effective_commits: 1040096	Effective_throughput: 567754.950466	Effective_energy_per_tx: 121.846949	Pkg_power: 69.179208	Threads: 8	Elapsed time: 1.832988	Commits: 1839540	Aborts: 29396	P-state: 0	Best-threads: 8	Steps: 0	Throughput: 1003574.478478
