Effective_runtime: 1.887319	Effective_commits: 989991	Effective_throughput: 524548.950047	Effective_energy_per_tx: 130.548517	Pkg_power: 68.479088	Threads: 9	Elapsed time: 1.888336	Commits: 1839540	Aborts: 36855	P-state: 0	Best-threads: 9	Steps: 0	Throughput: 974159.289083
Effective_runtime: 1.969460	Effective_commits: 989991	Effective_throughput: 502671.306432	Effective_energy_per_tx: 138.292696	Pkg_power: 69.515770	Threads: 9	Elapsed time: 1.970334	Commits: 1839540	Aborts: 42236	P-state: 0	Best-threads: 9	Steps: 0	Throughput: 933618.336019
Effective_runtime: 1.814740	Effective_commits: 989991	Effective_throughput: 545527.759252	Effective_energy_per_tx: 129.420654	Pkg_power: 70.602560	Threads: 9	Elapsed time: 1.815479	Commits: 1839540	Aborts: 35768	P-state: 0	Best-threads: 9	Steps: 0	Throughput: 1013253.229215
