Effective_runtime: 4.254971	Effective_commits: 800064	Effective_throughput: 188030.407491	Effective_energy_per_tx: 225.864912	Pkg_power: 42.469471	Threads: 16	Elapsed time: 4.257868	Commits: 1839540	Aborts: 111040	P-state: 11	Best-threads: 16	Steps: 0	Throughput: 432033.139764
Effective_runtime: 4.218894	Effective_commits: 640048	Effective_throughput: 151709.917932	Effective_energy_per_tx: 278.965485	Pkg_power: 42.321831	Threads: 16	Elapsed time: 4.221405	Commits: 1839540	Aborts: 107413	P-state: 11	Best-threads: 16	Steps: 0	Throughput: 435764.866729
Effective_runtime: 4.235778	Effective_commits: 800064	Effective_throughput: 188882.437842	Effective_energy_per_tx: 223.022434	Pkg_power: 42.125021	Threads: 16	Elapsed time: 4.241557	Commits: 1839540	Aborts: 102437	P-state: 11	Best-threads: 16	Steps: 0	Throughput: 433694.501194
