Effective_runtime: 2.414535	Effective_commits: 1280120	Effective_throughput: 530172.535779	Effective_energy_per_tx: 116.407436	Pkg_power: 61.716026	Threads: 4	Elapsed time: 2.415187	Commits: 1839536	Aborts: 13374	P-state: 0	Best-threads: 4	Steps: 0	Throughput: 761653.689698
Effective_runtime: 2.532674	Effective_commits: 1240120	Effective_throughput: 489648.551574	Effective_energy_per_tx: 126.833123	Pkg_power: 62.103655	Threads: 4	Elapsed time: 2.533204	Commits: 1839536	Aborts: 14118	P-state: 0	Best-threads: 4	Steps: 0	Throughput: 726169.750246
Effective_runtime: 2.575345	Effective_commits: 1240120	Effective_throughput: 481535.483221	Effective_energy_per_tx: 127.470288	Pkg_power: 61.381467	Threads: 4	Elapsed time: 2.575924	Commits: 1839536	Aborts: 13555	P-state: 0	Best-threads: 4	Steps: 0	Throughput: 714126.681284
