Effective_runtime: 4.126244	Effective_commits: 900080	Effective_throughput: 218135.419306	Effective_energy_per_tx: 179.755357	Pkg_power: 39.211010	Threads: 10	Elapsed time: 4.127859	Commits: 1839543	Aborts: 49197	P-state: 11	Best-threads: 10	Steps: 0	Throughput: 445640.936012
Effective_runtime: 3.915951	Effective_commits: 1000090	Effective_throughput: 255388.819387	Effective_energy_per_tx: 155.363122	Pkg_power: 39.678004	Threads: 10	Elapsed time: 3.917141	Commits: 1839543	Aborts: 41840	P-state: 11	Best-threads: 10	Steps: 0	Throughput: 469613.684690
Effective_runtime: 3.875710	Effective_commits: 1000090	Effective_throughput: 258040.492957	Effective_energy_per_tx: 154.630219	Pkg_power: 39.900858	Threads: 10	Elapsed time: 3.876963	Commits: 1839543	Aborts: 42696	P-state: 11	Best-threads: 10	Steps: 0	Throughput: 474480.394640
