Effective_runtime: 2.013693	Effective_commits: 900090	Effective_throughput: 446984.668067	Effective_energy_per_tx: 145.252776	Pkg_power: 64.925764	Threads: 10	Elapsed time: 2.014687	Commits: 1839543	Aborts: 45342	P-state: 1	Best-threads: 10	Steps: 0	Throughput: 913066.477181
Effective_runtime: 2.028316	Effective_commits: 1000090	Effective_throughput: 493064.290687	Effective_energy_per_tx: 132.339678	Pkg_power: 65.251970	Threads: 10	Elapsed time: 2.029009	Commits: 1839543	Aborts: 43393	P-state: 1	Best-threads: 10	Steps: 0	Throughput: 906621.469925
Effective_runtime: 2.048696	Effective_commits: 900080	Effective_throughput: 439342.781779	Effective_energy_per_tx: 146.679566	Pkg_power: 64.442609	Threads: 10	Elapsed time: 2.049814	Commits: 1839543	Aborts: 44172	P-state: 1	Best-threads: 10	Steps: 0	Throughput: 897419.479388
