Effective_runtime: 3.179901	Effective_commits: 1040096	Effective_throughput: 327084.367852	Effective_energy_per_tx: 139.326757	Pkg_power: 45.571604	Threads: 8	Elapsed time: 3.181030	Commits: 1839540	Aborts: 33529	P-state: 7	Best-threads: 8	Steps: 0	Throughput: 578284.385796
Effective_runtime: 3.061162	Effective_commits: 1040096	Effective_throughput: 339771.578036	Effective_energy_per_tx: 131.451329	Pkg_power: 44.663426	Threads: 8	Elapsed time: 3.062217	Commits: 1839540	Aborts: 29897	P-state: 7	Best-threads: 8	Steps: 0	Throughput: 600721.634592
Effective_runtime: 3.037178	Effective_commits: 1040096	Effective_throughput: 342454.734274	Effective_energy_per_tx: 129.398805	Pkg_power: 44.313234	Threads: 8	Elapsed time: 3.038218	Commits: 1839540	Aborts: 28298	P-state: 7	Best-threads: 8	Steps: 0	Throughput: 605466.752895
