Effective_runtime: 2.767515	Effective_commits: 1139652	Effective_throughput: 411796.134140	Effective_energy_per_tx: 115.626912	Pkg_power: 47.614716	Threads: 6	Elapsed time: 2.768299	Commits: 1839538	Aborts: 24450	P-state: 2	Best-threads: 6	Steps: 0	Throughput: 664501.172634
Effective_runtime: 2.781590	Effective_commits: 1079670	Effective_throughput: 388148.436058	Effective_energy_per_tx: 125.735990	Pkg_power: 48.804228	Threads: 6	Elapsed time: 2.782474	Commits: 1839538	Aborts: 26770	P-state: 2	Best-threads: 6	Steps: 0	Throughput: 661116.017805
Effective_runtime: 2.738011	Effective_commits: 1079670	Effective_throughput: 394326.341136	Effective_energy_per_tx: 125.400251	Pkg_power: 49.448622	Threads: 6	Elapsed time: 2.738777	Commits: 1839538	Aborts: 25222	P-state: 2	Best-threads: 6	Steps: 0	Throughput: 671664.050136
