Effective_runtime: 4.534122	Effective_commits: 1040096	Effective_throughput: 229393.047701	Effective_energy_per_tx: 167.937208	Pkg_power: 38.523628	Threads: 8	Elapsed time: 4.535278	Commits: 1839540	Aborts: 36404	P-state: 11	Best-threads: 8	Steps: 0	Throughput: 405606.902926
Effective_runtime: 4.287697	Effective_commits: 1040096	Effective_throughput: 242576.830313	Effective_energy_per_tx: 161.099161	Pkg_power: 39.078924	Threads: 8	Elapsed time: 4.288820	Commits: 1839540	Aborts: 33793	P-state: 11	Best-threads: 8	Steps: 0	Throughput: 428915.176636
Effective_runtime: 4.209263	Effective_commits: 1040096	Effective_throughput: 247096.909407	Effective_energy_per_tx: 155.266220	Pkg_power: 38.365803	Threads: 8	Elapsed time: 4.210420	Commits: 1839540	Aborts: 30511	P-state: 11	Best-threads: 8	Steps: 0	Throughput: 436901.792846
