Effective_runtime: 3.695970	Effective_commits: 879989	Effective_throughput: 238094.221093	Effective_energy_per_tx: 169.540703	Pkg_power: 40.366662	Threads: 11	Elapsed time: 3.699538	Commits: 1839544	Aborts: 46673	P-state: 11	Best-threads: 11	Steps: 0	Throughput: 497236.142389
Effective_runtime: 3.857176	Effective_commits: 879989	Effective_throughput: 228143.335421	Effective_energy_per_tx: 175.335703	Pkg_power: 40.001672	Threads: 11	Elapsed time: 3.858734	Commits: 1839544	Aborts: 51663	P-state: 11	Best-threads: 11	Steps: 0	Throughput: 476722.141930
Effective_runtime: 3.815924	Effective_commits: 989989	Effective_throughput: 259436.223722	Effective_energy_per_tx: 155.416196	Pkg_power: 40.320591	Threads: 11	Elapsed time: 3.817415	Commits: 1839544	Aborts: 49263	P-state: 11	Best-threads: 11	Steps: 0	Throughput: 481882.111449
