Effective_runtime: 3.176739	Effective_commits: 679779	Effective_throughput: 213986.398613	Effective_energy_per_tx: 242.845459	Pkg_power: 51.965625	Threads: 17	Elapsed time: 3.178960	Commits: 1839540	Aborts: 123511	P-state: 6	Best-threads: 17	Steps: 0	Throughput: 578660.930261
Effective_runtime: 2.698290	Effective_commits: 849728	Effective_throughput: 314913.542178	Effective_energy_per_tx: 171.490200	Pkg_power: 54.004586	Threads: 17	Elapsed time: 2.707858	Commits: 1839540	Aborts: 105916	P-state: 6	Best-threads: 17	Steps: 0	Throughput: 679333.976090
Effective_runtime: 2.979799	Effective_commits: 849728	Effective_throughput: 285162.837342	Effective_energy_per_tx: 187.612836	Pkg_power: 53.500209	Threads: 17	Elapsed time: 2.984828	Commits: 1839540	Aborts: 114230	P-state: 6	Best-threads: 17	Steps: 0	Throughput: 616296.819414
