Effective_runtime: 2.710597	Effective_commits: 1150110	Effective_throughput: 424301.373664	Effective_energy_per_tx: 132.985199	Pkg_power: 56.425803	Threads: 5	Elapsed time: 2.711374	Commits: 1839538	Aborts: 19656	P-state: 1	Best-threads: 5	Steps: 0	Throughput: 678452.316008
Effective_runtime: 2.653373	Effective_commits: 1150110	Effective_throughput: 433452.059447	Effective_energy_per_tx: 133.142866	Pkg_power: 57.711050	Threads: 5	Elapsed time: 2.654036	Commits: 1839538	Aborts: 18594	P-state: 1	Best-threads: 5	Steps: 0	Throughput: 693109.652152
Effective_runtime: 2.659747	Effective_commits: 1150110	Effective_throughput: 432413.318889	Effective_energy_per_tx: 134.220747	Pkg_power: 58.038839	Threads: 5	Elapsed time: 2.660495	Commits: 1839538	Aborts: 18420	P-state: 1	Best-threads: 5	Steps: 0	Throughput: 691426.960173
