Effective_runtime: 6.855765	Effective_commits: 1540148	Effective_throughput: 224650.071443	Effective_energy_per_tx: 166.798649	Pkg_power: 37.471328	Threads: 2	Elapsed time: 6.856402	Commits: 1839536	Aborts: 4751	P-state: 7	Best-threads: 2	Steps: 0	Throughput: 268294.656786
Effective_runtime: 6.846751	Effective_commits: 1520152	Effective_throughput: 222025.297620	Effective_energy_per_tx: 171.121053	Pkg_power: 37.993203	Threads: 2	Elapsed time: 6.847486	Commits: 1839536	Aborts: 4947	P-state: 7	Best-threads: 2	Steps: 0	Throughput: 268643.995017
Effective_runtime: 6.822248	Effective_commits: 1520150	Effective_throughput: 222822.459072	Effective_energy_per_tx: 168.282266	Pkg_power: 37.497068	Threads: 2	Elapsed time: 6.822877	Commits: 1839536	Aborts: 4518	P-state: 7	Best-threads: 2	Steps: 0	Throughput: 269612.953423
