Effective_runtime: 2.651106	Effective_commits: 959700	Effective_throughput: 361999.908565	Effective_energy_per_tx: 145.566726	Pkg_power: 52.695142	Threads: 12	Elapsed time: 2.652508	Commits: 1839543	Aborts: 68112	P-state: 4	Best-threads: 12	Steps: 0	Throughput: 693510.815369
Effective_runtime: 2.797195	Effective_commits: 839736	Effective_throughput: 300206.467451	Effective_energy_per_tx: 175.807862	Pkg_power: 52.778657	Threads: 12	Elapsed time: 2.799220	Commits: 1839543	Aborts: 78471	P-state: 4	Best-threads: 12	Steps: 0	Throughput: 657162.689623
Effective_runtime: 2.642479	Effective_commits: 719772	Effective_throughput: 272385.091925	Effective_energy_per_tx: 194.773500	Pkg_power: 53.053398	Threads: 12	Elapsed time: 2.647271	Commits: 1839543	Aborts: 69684	P-state: 4	Best-threads: 12	Steps: 0	Throughput: 694882.789505
