Effective_runtime: 5.233804	Effective_commits: 1150110	Effective_throughput: 219746.467515	Effective_energy_per_tx: 165.747882	Pkg_power: 36.422511	Threads: 5	Elapsed time: 5.234815	Commits: 1839538	Aborts: 22181	P-state: 11	Best-threads: 5	Steps: 0	Throughput: 351404.578306
Effective_runtime: 5.164684	Effective_commits: 1150105	Effective_throughput: 222686.405648	Effective_energy_per_tx: 166.286723	Pkg_power: 37.029793	Threads: 5	Elapsed time: 5.165650	Commits: 1839538	Aborts: 19651	P-state: 11	Best-threads: 5	Steps: 0	Throughput: 356109.677185
Effective_runtime: 5.081059	Effective_commits: 1150110	Effective_throughput: 226352.411287	Effective_energy_per_tx: 161.441346	Pkg_power: 36.542638	Threads: 5	Elapsed time: 5.081983	Commits: 1839538	Aborts: 18216	P-state: 11	Best-threads: 5	Steps: 0	Throughput: 361972.475631
