Effective_runtime: 2.305477	Effective_commits: 800060	Effective_throughput: 347025.761032	Effective_energy_per_tx: 177.419100	Pkg_power: 61.568998	Threads: 20	Elapsed time: 2.307165	Commits: 1839545	Aborts: 123667	P-state: 3	Best-threads: 20	Steps: 0	Throughput: 797318.385892
Effective_runtime: 2.180350	Effective_commits: 800060	Effective_throughput: 366941.004639	Effective_energy_per_tx: 170.596587	Pkg_power: 62.598883	Threads: 20	Elapsed time: 2.220486	Commits: 1839545	Aborts: 116876	P-state: 3	Best-threads: 20	Steps: 0	Throughput: 828442.539865
Effective_runtime: 2.441858	Effective_commits: 800060	Effective_throughput: 327643.920561	Effective_energy_per_tx: 191.594713	Pkg_power: 62.774843	Threads: 20	Elapsed time: 2.444307	Commits: 1839545	Aborts: 123448	P-state: 3	Best-threads: 20	Steps: 0	Throughput: 752583.424722
