Effective_runtime: 3.201898	Effective_commits: 989991	Effective_throughput: 309188.809067	Effective_energy_per_tx: 139.989422	Pkg_power: 43.283163	Threads: 9	Elapsed time: 3.203229	Commits: 1839540	Aborts: 34477	P-state: 8	Best-threads: 9	Steps: 0	Throughput: 574276.734978
Effective_runtime: 3.310447	Effective_commits: 989991	Effective_throughput: 299050.524440	Effective_energy_per_tx: 146.867390	Pkg_power: 43.920770	Threads: 9	Elapsed time: 3.311588	Commits: 1839540	Aborts: 39033	P-state: 8	Best-threads: 9	Steps: 0	Throughput: 555485.758741
Effective_runtime: 3.298412	Effective_commits: 989991	Effective_throughput: 300141.708284	Effective_energy_per_tx: 142.198108	Pkg_power: 42.679583	Threads: 9	Elapsed time: 3.299436	Commits: 1839540	Aborts: 37718	P-state: 8	Best-threads: 9	Steps: 0	Throughput: 557531.635254
