Effective_runtime: 3.961945	Effective_commits: 849728	Effective_throughput: 214472.425510	Effective_energy_per_tx: 202.196755	Pkg_power: 43.365628	Threads: 17	Elapsed time: 3.964420	Commits: 1839540	Aborts: 108216	P-state: 11	Best-threads: 17	Steps: 0	Throughput: 464012.380826
Effective_runtime: 4.042205	Effective_commits: 679779	Effective_throughput: 168170.323285	Effective_energy_per_tx: 255.072858	Pkg_power: 42.895685	Threads: 17	Elapsed time: 4.045743	Commits: 1839540	Aborts: 109001	P-state: 11	Best-threads: 17	Steps: 0	Throughput: 454685.333495
Effective_runtime: 4.241981	Effective_commits: 679779	Effective_throughput: 160250.360304	Effective_energy_per_tx: 265.735099	Pkg_power: 42.584145	Threads: 17	Elapsed time: 4.262341	Commits: 1839540	Aborts: 110436	P-state: 11	Best-threads: 17	Steps: 0	Throughput: 431579.732896
