Effective_runtime: 2.857184	Effective_commits: 1079670	Effective_throughput: 377879.024155	Effective_energy_per_tx: 125.954538	Pkg_power: 47.595578	Threads: 6	Elapsed time: 2.857915	Commits: 1839538	Aborts: 24578	P-state: 3	Best-threads: 6	Steps: 0	Throughput: 643664.366686
Effective_runtime: 2.864184	Effective_commits: 1079670	Effective_throughput: 376955.528684	Effective_energy_per_tx: 125.393015	Pkg_power: 47.267590	Threads: 6	Elapsed time: 2.864871	Commits: 1839538	Aborts: 25419	P-state: 3	Best-threads: 6	Steps: 0	Throughput: 642101.506104
Effective_runtime: 2.883930	Effective_commits: 1079670	Effective_throughput: 374374.608901	Effective_energy_per_tx: 126.025882	Pkg_power: 47.180890	Threads: 6	Elapsed time: 2.884952	Commits: 1839538	Aborts: 25026	P-state: 3	Best-threads: 6	Steps: 0	Throughput: 637632.084150
