Effective_runtime: 2.651610	Effective_commits: 1000090	Effective_throughput: 377163.342467	Effective_energy_per_tx: 130.893647	Pkg_power: 49.368285	Threads: 10	Elapsed time: 2.652568	Commits: 1839543	Aborts: 41034	P-state: 5	Best-threads: 10	Steps: 0	Throughput: 693495.107136
Effective_runtime: 2.536746	Effective_commits: 1000090	Effective_throughput: 394241.351206	Effective_energy_per_tx: 124.138961	Pkg_power: 48.940712	Threads: 10	Elapsed time: 2.538013	Commits: 1839543	Aborts: 40269	P-state: 5	Best-threads: 10	Steps: 0	Throughput: 724796.529202
Effective_runtime: 2.648418	Effective_commits: 1000090	Effective_throughput: 377617.882869	Effective_energy_per_tx: 131.896238	Pkg_power: 49.806378	Threads: 10	Elapsed time: 2.649367	Commits: 1839543	Aborts: 40084	P-state: 5	Best-threads: 10	Steps: 0	Throughput: 694332.999054
