Effective_runtime: 3.981182	Effective_commits: 1379997	Effective_throughput: 346629.979491	Effective_energy_per_tx: 129.184087	Pkg_power: 44.779078	Threads: 3	Elapsed time: 3.981758	Commits: 1839535	Aborts: 9430	P-state: 2	Best-threads: 3	Steps: 0	Throughput: 461990.644744
Effective_runtime: 3.993220	Effective_commits: 1349997	Effective_throughput: 338072.288022	Effective_energy_per_tx: 135.383662	Pkg_power: 45.769464	Threads: 3	Elapsed time: 3.993836	Commits: 1839535	Aborts: 8560	P-state: 2	Best-threads: 3	Steps: 0	Throughput: 460593.533149
Effective_runtime: 4.030487	Effective_commits: 1349997	Effective_throughput: 334946.363593	Effective_energy_per_tx: 133.688061	Pkg_power: 44.778330	Threads: 3	Elapsed time: 4.031259	Commits: 1839535	Aborts: 9395	P-state: 2	Best-threads: 3	Steps: 0	Throughput: 456317.734153
