Effective_runtime: 2.525905	Effective_commits: 1119657	Effective_throughput: 443269.694919	Effective_energy_per_tx: 114.100257	Pkg_power: 50.577186	Threads: 7	Elapsed time: 2.526601	Commits: 1839539	Aborts: 24807	P-state: 2	Best-threads: 7	Steps: 0	Throughput: 728068.636312
Effective_runtime: 2.532686	Effective_commits: 1049678	Effective_throughput: 414452.469045	Effective_energy_per_tx: 121.620877	Pkg_power: 50.406073	Threads: 7	Elapsed time: 2.533424	Commits: 1839539	Aborts: 27192	P-state: 2	Best-threads: 7	Steps: 0	Throughput: 726107.857260
Effective_runtime: 2.496857	Effective_commits: 1049678	Effective_throughput: 420399.664407	Effective_energy_per_tx: 118.654713	Pkg_power: 49.882402	Threads: 7	Elapsed time: 2.497663	Commits: 1839539	Aborts: 25187	P-state: 2	Best-threads: 7	Steps: 0	Throughput: 736504.077799
