Effective_runtime: 2.492799	Effective_commits: 879989	Effective_throughput: 353012.427020	Effective_energy_per_tx: 146.400241	Pkg_power: 51.681105	Threads: 11	Elapsed time: 2.494224	Commits: 1839544	Aborts: 53398	P-state: 4	Best-threads: 11	Steps: 0	Throughput: 737521.619191
Effective_runtime: 2.533331	Effective_commits: 879989	Effective_throughput: 347364.442766	Effective_energy_per_tx: 150.672953	Pkg_power: 52.338426	Threads: 11	Elapsed time: 2.534645	Commits: 1839544	Aborts: 48091	P-state: 4	Best-threads: 11	Steps: 0	Throughput: 725760.062874
Effective_runtime: 2.603084	Effective_commits: 879989	Effective_throughput: 338056.343094	Effective_energy_per_tx: 151.662148	Pkg_power: 51.270351	Threads: 11	Elapsed time: 2.604548	Commits: 1839544	Aborts: 52129	P-state: 4	Best-threads: 11	Steps: 0	Throughput: 706281.479907
