Effective_runtime: 3.208154	Effective_commits: 1000090	Effective_throughput: 311733.814479	Effective_energy_per_tx: 137.860287	Pkg_power: 42.975713	Threads: 10	Elapsed time: 3.209431	Commits: 1839543	Aborts: 43496	P-state: 8	Best-threads: 10	Steps: 0	Throughput: 573167.966036
Effective_runtime: 3.265630	Effective_commits: 1000090	Effective_throughput: 306247.147876	Effective_energy_per_tx: 139.230887	Pkg_power: 42.639062	Threads: 10	Elapsed time: 3.266883	Commits: 1839543	Aborts: 43831	P-state: 8	Best-threads: 10	Steps: 0	Throughput: 563088.135793
Effective_runtime: 3.083935	Effective_commits: 1000090	Effective_throughput: 324290.263590	Effective_energy_per_tx: 135.834840	Pkg_power: 44.049916	Threads: 10	Elapsed time: 3.085019	Commits: 1839543	Aborts: 41779	P-state: 8	Best-threads: 10	Steps: 0	Throughput: 596282.575764
