Effective_runtime: 3.084520	Effective_commits: 989991	Effective_throughput: 320954.631443	Effective_energy_per_tx: 140.810567	Pkg_power: 45.193804	Threads: 9	Elapsed time: 3.085787	Commits: 1839540	Aborts: 37522	P-state: 7	Best-threads: 9	Steps: 0	Throughput: 596133.163273
Effective_runtime: 3.048527	Effective_commits: 989991	Effective_throughput: 324744.087188	Effective_energy_per_tx: 141.836518	Pkg_power: 46.060570	Threads: 9	Elapsed time: 3.049596	Commits: 1839540	Aborts: 37969	P-state: 7	Best-threads: 9	Steps: 0	Throughput: 603207.802227
Effective_runtime: 2.896965	Effective_commits: 989991	Effective_throughput: 341733.796434	Effective_energy_per_tx: 131.459920	Pkg_power: 44.924298	Threads: 9	Elapsed time: 2.898258	Commits: 1839540	Aborts: 34137	P-state: 7	Best-threads: 9	Steps: 0	Throughput: 634705.405291
