Effective_runtime: 4.236073	Effective_commits: 1049678	Effective_throughput: 247795.087406	Effective_energy_per_tx: 152.432423	Pkg_power: 37.772006	Threads: 7	Elapsed time: 4.237134	Commits: 1839539	Aborts: 24027	P-state: 11	Best-threads: 7	Steps: 0	Throughput: 434146.998601
Effective_runtime: 4.297179	Effective_commits: 1049678	Effective_throughput: 244271.432402	Effective_energy_per_tx: 154.330496	Pkg_power: 37.698531	Threads: 7	Elapsed time: 4.298163	Commits: 1839539	Aborts: 24754	P-state: 11	Best-threads: 7	Steps: 0	Throughput: 427982.611849
Effective_runtime: 4.276894	Effective_commits: 1049678	Effective_throughput: 245429.999787	Effective_energy_per_tx: 153.110527	Pkg_power: 37.577917	Threads: 7	Elapsed time: 4.278207	Commits: 1839539	Aborts: 23323	P-state: 11	Best-threads: 7	Steps: 0	Throughput: 429978.954413
