Effective_runtime: 6.528774	Effective_commits: 1349991	Effective_throughput: 206775.584000	Effective_energy_per_tx: 171.760869	Pkg_power: 35.515954	Threads: 3	Elapsed time: 6.529702	Commits: 1839535	Aborts: 10495	P-state: 10	Best-threads: 3	Steps: 0	Throughput: 281718.055041
Effective_runtime: 6.324656	Effective_commits: 1349991	Effective_throughput: 213448.916821	Effective_energy_per_tx: 167.347241	Pkg_power: 35.720087	Threads: 3	Elapsed time: 6.325475	Commits: 1839535	Aborts: 8922	P-state: 10	Best-threads: 3	Steps: 0	Throughput: 290813.734391
Effective_runtime: 6.389378	Effective_commits: 1349991	Effective_throughput: 211286.775159	Effective_energy_per_tx: 169.657995	Pkg_power: 35.846491	Threads: 3	Elapsed time: 6.390141	Commits: 1839535	Aborts: 9197	P-state: 10	Best-threads: 3	Steps: 0	Throughput: 287870.799258
