Effective_runtime: 2.691903	Effective_commits: 759601	Effective_throughput: 282179.932686	Effective_energy_per_tx: 193.671370	Pkg_power: 54.650174	Threads: 19	Elapsed time: 2.724554	Commits: 1839550	Aborts: 107093	P-state: 6	Best-threads: 19	Steps: 0	Throughput: 675174.710508
Effective_runtime: 2.663323	Effective_commits: 759601	Effective_throughput: 285208.001627	Effective_energy_per_tx: 195.633712	Pkg_power: 55.796300	Threads: 19	Elapsed time: 2.665193	Commits: 1839550	Aborts: 111636	P-state: 6	Best-threads: 19	Steps: 0	Throughput: 690212.719574
Effective_runtime: 3.041300	Effective_commits: 379791	Effective_throughput: 124877.852928	Effective_energy_per_tx: 418.380572	Pkg_power: 52.246468	Threads: 19	Elapsed time: 3.044707	Commits: 1839550	Aborts: 119188	P-state: 6	Best-threads: 19	Steps: 0	Throughput: 604179.634964
