Effective_runtime: 4.126608	Effective_commits: 989991	Effective_throughput: 239904.273137	Effective_energy_per_tx: 164.241438	Pkg_power: 39.402223	Threads: 9	Elapsed time: 4.127809	Commits: 1839540	Aborts: 41306	P-state: 11	Best-threads: 9	Steps: 0	Throughput: 445645.614597
Effective_runtime: 3.864791	Effective_commits: 989991	Effective_throughput: 256156.441881	Effective_energy_per_tx: 152.556273	Pkg_power: 39.078272	Threads: 9	Elapsed time: 3.865975	Commits: 1839540	Aborts: 35386	P-state: 11	Best-threads: 9	Steps: 0	Throughput: 475828.201853
Effective_runtime: 3.998976	Effective_commits: 989991	Effective_throughput: 247561.155487	Effective_energy_per_tx: 156.224634	Pkg_power: 38.675151	Threads: 9	Elapsed time: 4.000202	Commits: 1839540	Aborts: 35661	P-state: 11	Best-threads: 9	Steps: 0	Throughput: 459861.756408
