Effective_runtime: 3.339626	Effective_commits: 749310	Effective_throughput: 224369.461179	Effective_energy_per_tx: 207.354378	Pkg_power: 46.523990	Threads: 15	Elapsed time: 3.346865	Commits: 1839543	Aborts: 87910	P-state: 8	Best-threads: 15	Steps: 0	Throughput: 549631.641142
Effective_runtime: 3.023769	Effective_commits: 899175	Effective_throughput: 297368.990490	Effective_energy_per_tx: 159.822337	Pkg_power: 47.526207	Threads: 15	Elapsed time: 3.038920	Commits: 1839543	Aborts: 90061	P-state: 8	Best-threads: 15	Steps: 0	Throughput: 605327.894443
Effective_runtime: 3.428508	Effective_commits: 599445	Effective_throughput: 174841.353650	Effective_energy_per_tx: 273.677235	Pkg_power: 47.850098	Threads: 15	Elapsed time: 3.454818	Commits: 1839543	Aborts: 98176	P-state: 8	Best-threads: 15	Steps: 0	Throughput: 532457.279804
