Effective_runtime: 2.949215	Effective_commits: 569696	Effective_throughput: 193168.667007	Effective_energy_per_tx: 300.904342	Pkg_power: 58.125291	Threads: 19	Elapsed time: 2.950765	Commits: 1839550	Aborts: 161699	P-state: 3	Best-threads: 19	Steps: 0	Throughput: 623414.628335
Effective_runtime: 2.217041	Effective_commits: 759601	Effective_throughput: 342619.359561	Effective_energy_per_tx: 181.271702	Pkg_power: 62.107194	Threads: 19	Elapsed time: 2.219231	Commits: 1839550	Aborts: 109920	P-state: 3	Best-threads: 19	Steps: 0	Throughput: 828913.299676
Effective_runtime: 2.435026	Effective_commits: 949506	Effective_throughput: 389936.676569	Effective_energy_per_tx: 156.637256	Pkg_power: 61.078611	Threads: 19	Elapsed time: 2.436855	Commits: 1839550	Aborts: 121966	P-state: 3	Best-threads: 19	Steps: 0	Throughput: 754886.983957
