Effective_runtime: 3.691892	Effective_commits: 800064	Effective_throughput: 216708.376798	Effective_energy_per_tx: 199.981354	Pkg_power: 43.337635	Threads: 16	Elapsed time: 3.694233	Commits: 1839540	Aborts: 100432	P-state: 10	Best-threads: 16	Steps: 0	Throughput: 497949.108662
Effective_runtime: 3.641741	Effective_commits: 800064	Effective_throughput: 219692.694091	Effective_energy_per_tx: 207.097006	Pkg_power: 45.497699	Threads: 16	Elapsed time: 3.647450	Commits: 1839540	Aborts: 97239	P-state: 10	Best-threads: 16	Steps: 0	Throughput: 504335.910021
Effective_runtime: 3.615166	Effective_commits: 640048	Effective_throughput: 177045.243500	Effective_energy_per_tx: 249.070209	Pkg_power: 44.096696	Threads: 16	Elapsed time: 3.625027	Commits: 1839540	Aborts: 94885	P-state: 10	Best-threads: 16	Steps: 0	Throughput: 507455.538893
