Effective_runtime: 3.600377	Effective_commits: 1079670	Effective_throughput: 299876.947046	Effective_energy_per_tx: 142.999305	Pkg_power: 42.882195	Threads: 6	Elapsed time: 3.601379	Commits: 1839538	Aborts: 25544	P-state: 7	Best-threads: 6	Steps: 0	Throughput: 510787.129608
Effective_runtime: 3.767639	Effective_commits: 1079670	Effective_throughput: 286564.102416	Effective_energy_per_tx: 148.559937	Pkg_power: 42.571945	Threads: 6	Elapsed time: 3.768510	Commits: 1839538	Aborts: 29144	P-state: 7	Best-threads: 6	Steps: 0	Throughput: 488134.054571
Effective_runtime: 3.596566	Effective_commits: 1079670	Effective_throughput: 300194.644142	Effective_energy_per_tx: 140.354665	Pkg_power: 42.133719	Threads: 6	Elapsed time: 3.597525	Commits: 1839538	Aborts: 25208	P-state: 7	Best-threads: 6	Steps: 0	Throughput: 511334.336985
