Effective_runtime: 3.304316	Effective_commits: 1040096	Effective_throughput: 314768.898452	Effective_energy_per_tx: 133.565292	Pkg_power: 42.042200	Threads: 8	Elapsed time: 3.305410	Commits: 1839540	Aborts: 31577	P-state: 8	Best-threads: 8	Steps: 0	Throughput: 556524.017001
Effective_runtime: 3.498014	Effective_commits: 1040096	Effective_throughput: 297338.973505	Effective_energy_per_tx: 141.583084	Pkg_power: 42.098169	Threads: 8	Elapsed time: 3.499136	Commits: 1839540	Aborts: 33807	P-state: 8	Best-threads: 8	Steps: 0	Throughput: 525712.637408
Effective_runtime: 3.242799	Effective_commits: 1040096	Effective_throughput: 320740.165438	Effective_energy_per_tx: 132.572040	Pkg_power: 42.521178	Threads: 8	Elapsed time: 3.243721	Commits: 1839540	Aborts: 28440	P-state: 8	Best-threads: 8	Steps: 0	Throughput: 567107.958820
