Effective_runtime: 2.520794	Effective_commits: 1079670	Effective_throughput: 428305.471247	Effective_energy_per_tx: 139.247445	Pkg_power: 59.640443	Threads: 6	Elapsed time: 2.521452	Commits: 1839538	Aborts: 27054	P-state: 1	Best-threads: 6	Steps: 0	Throughput: 729555.048609
Effective_runtime: 2.481055	Effective_commits: 1079670	Effective_throughput: 435165.709068	Effective_energy_per_tx: 139.160670	Pkg_power: 60.557952	Threads: 6	Elapsed time: 2.481752	Commits: 1839538	Aborts: 25945	P-state: 1	Best-threads: 6	Steps: 0	Throughput: 741225.506606
Effective_runtime: 2.501261	Effective_commits: 1079670	Effective_throughput: 431650.255583	Effective_energy_per_tx: 134.827501	Pkg_power: 58.198325	Threads: 6	Elapsed time: 2.502001	Commits: 1839538	Aborts: 25677	P-state: 1	Best-threads: 6	Steps: 0	Throughput: 735226.710679
