Effective_runtime: 3.633544	Effective_commits: 989991	Effective_throughput: 272458.790970	Effective_energy_per_tx: 148.109679	Pkg_power: 40.353784	Threads: 9	Elapsed time: 3.634922	Commits: 1839540	Aborts: 35325	P-state: 10	Best-threads: 9	Steps: 0	Throughput: 506074.162443
Effective_runtime: 3.599118	Effective_commits: 989991	Effective_throughput: 275064.855666	Effective_energy_per_tx: 147.021644	Pkg_power: 40.440487	Threads: 9	Elapsed time: 3.600477	Commits: 1839540	Aborts: 33805	P-state: 10	Best-threads: 9	Steps: 0	Throughput: 510915.639820
Effective_runtime: 3.691842	Effective_commits: 989991	Effective_throughput: 268156.368761	Effective_energy_per_tx: 151.798815	Pkg_power: 40.705819	Threads: 9	Elapsed time: 3.692981	Commits: 1839540	Aborts: 36376	P-state: 10	Best-threads: 9	Steps: 0	Throughput: 498117.915487
