Effective_runtime: 3.578049	Effective_commits: 1349994	Effective_throughput: 377298.886358	Effective_energy_per_tx: 142.957491	Pkg_power: 53.937702	Threads: 3	Elapsed time: 3.578609	Commits: 1839535	Aborts: 8756	P-state: 1	Best-threads: 3	Steps: 0	Throughput: 514036.321176
Effective_runtime: 3.797162	Effective_commits: 1350000	Effective_throughput: 355528.650880	Effective_energy_per_tx: 153.287865	Pkg_power: 54.498228	Threads: 3	Elapsed time: 3.797675	Commits: 1839535	Aborts: 11070	P-state: 1	Best-threads: 3	Steps: 0	Throughput: 484384.538220
Effective_runtime: 3.553654	Effective_commits: 1349997	Effective_throughput: 379889.859217	Effective_energy_per_tx: 143.102301	Pkg_power: 54.363113	Threads: 3	Elapsed time: 3.554262	Commits: 1839535	Aborts: 8889	P-state: 1	Best-threads: 3	Steps: 0	Throughput: 517557.489161
