Effective_runtime: 2.128660	Effective_commits: 1040096	Effective_throughput: 488615.444898	Effective_energy_per_tx: 126.786690	Pkg_power: 61.949935	Threads: 8	Elapsed time: 2.129454	Commits: 1839540	Aborts: 31684	P-state: 1	Best-threads: 8	Steps: 0	Throughput: 863855.283357
Effective_runtime: 2.102217	Effective_commits: 1040096	Effective_throughput: 494761.446279	Effective_energy_per_tx: 128.473037	Pkg_power: 63.563506	Threads: 8	Elapsed time: 2.102984	Commits: 1839540	Aborts: 29855	P-state: 1	Best-threads: 8	Steps: 0	Throughput: 874728.501198
Effective_runtime: 2.051551	Effective_commits: 1040096	Effective_throughput: 506980.357208	Effective_energy_per_tx: 123.764094	Pkg_power: 62.745965	Threads: 8	Elapsed time: 2.052175	Commits: 1839540	Aborts: 28269	P-state: 1	Best-threads: 8	Steps: 0	Throughput: 896385.626648
