Effective_runtime: 3.715036	Effective_commits: 1280124	Effective_throughput: 344579.184552	Effective_energy_per_tx: 126.378367	Pkg_power: 43.547355	Threads: 4	Elapsed time: 3.715654	Commits: 1839536	Aborts: 14246	P-state: 4	Best-threads: 4	Steps: 0	Throughput: 495077.327255
Effective_runtime: 3.719257	Effective_commits: 1280124	Effective_throughput: 344188.076985	Effective_energy_per_tx: 125.997174	Pkg_power: 43.366725	Threads: 4	Elapsed time: 3.719920	Commits: 1839536	Aborts: 15210	P-state: 4	Best-threads: 4	Steps: 0	Throughput: 494509.569985
Effective_runtime: 3.728077	Effective_commits: 1280124	Effective_throughput: 343373.767992	Effective_energy_per_tx: 129.783981	Pkg_power: 44.564415	Threads: 4	Elapsed time: 3.728862	Commits: 1839536	Aborts: 14253	P-state: 4	Best-threads: 4	Steps: 0	Throughput: 493323.694124
