Effective_runtime: 3.503815	Effective_commits: 879989	Effective_throughput: 251151.685361	Effective_energy_per_tx: 164.149511	Pkg_power: 41.226426	Threads: 11	Elapsed time: 3.506648	Commits: 1839544	Aborts: 47589	P-state: 10	Best-threads: 11	Steps: 0	Throughput: 524587.573833
Effective_runtime: 3.569423	Effective_commits: 879989	Effective_throughput: 246535.369165	Effective_energy_per_tx: 166.629645	Pkg_power: 41.080101	Threads: 11	Elapsed time: 3.571007	Commits: 1839544	Aborts: 49517	P-state: 10	Best-threads: 11	Steps: 0	Throughput: 515133.158786
Effective_runtime: 3.705910	Effective_commits: 989989	Effective_throughput: 267137.915130	Effective_energy_per_tx: 160.145413	Pkg_power: 42.780912	Threads: 11	Elapsed time: 3.707668	Commits: 1839544	Aborts: 53427	P-state: 10	Best-threads: 11	Steps: 0	Throughput: 496145.816519
