Effective_runtime: 2.722118	Effective_commits: 519883	Effective_throughput: 190984.727228	Effective_energy_per_tx: 295.596217	Pkg_power: 56.454363	Threads: 13	Elapsed time: 2.725217	Commits: 1839545	Aborts: 83461	P-state: 3	Best-threads: 13	Steps: 0	Throughput: 675008.606591
Effective_runtime: 2.501576	Effective_commits: 779831	Effective_throughput: 311735.821885	Effective_energy_per_tx: 174.888926	Pkg_power: 54.519143	Threads: 13	Elapsed time: 2.507070	Commits: 1839545	Aborts: 75342	P-state: 3	Best-threads: 13	Steps: 0	Throughput: 733742.955977
Effective_runtime: 2.566695	Effective_commits: 909805	Effective_throughput: 354465.634429	Effective_energy_per_tx: 154.169887	Pkg_power: 54.647927	Threads: 13	Elapsed time: 2.568203	Commits: 1839545	Aborts: 78558	P-state: 3	Best-threads: 13	Steps: 0	Throughput: 716277.108842
