Effective_runtime: 3.952363	Effective_commits: 1540150	Effective_throughput: 389678.317615	Effective_energy_per_tx: 142.265941	Pkg_power: 55.437953	Threads: 2	Elapsed time: 3.952731	Commits: 1839536	Aborts: 4546	P-state: 0	Best-threads: 2	Steps: 0	Throughput: 465383.538200
Effective_runtime: 3.969599	Effective_commits: 1500144	Effective_throughput: 377908.194678	Effective_energy_per_tx: 153.172525	Pkg_power: 57.885153	Threads: 2	Elapsed time: 3.970150	Commits: 1839536	Aborts: 5058	P-state: 0	Best-threads: 2	Steps: 0	Throughput: 463341.688054
Effective_runtime: 4.009283	Effective_commits: 1520146	Effective_throughput: 379156.603403	Effective_energy_per_tx: 146.347873	Pkg_power: 55.488763	Threads: 2	Elapsed time: 4.009767	Commits: 1839536	Aborts: 4948	P-state: 0	Best-threads: 2	Steps: 0	Throughput: 458763.807107
