Effective_runtime: 2.225366	Effective_commits: 1150110	Effective_throughput: 516818.293669	Effective_energy_per_tx: 124.168553	Pkg_power: 64.172580	Threads: 5	Elapsed time: 2.226076	Commits: 1839538	Aborts: 19452	P-state: 0	Best-threads: 5	Steps: 0	Throughput: 826358.981363
Effective_runtime: 2.252641	Effective_commits: 1150105	Effective_throughput: 510558.509160	Effective_energy_per_tx: 124.184483	Pkg_power: 63.403445	Threads: 5	Elapsed time: 2.253165	Commits: 1839538	Aborts: 18941	P-state: 0	Best-threads: 5	Steps: 0	Throughput: 816424.005601
Effective_runtime: 2.291454	Effective_commits: 1150110	Effective_throughput: 501912.825252	Effective_energy_per_tx: 125.155529	Pkg_power: 62.817165	Threads: 5	Elapsed time: 2.292167	Commits: 1839538	Aborts: 20704	P-state: 0	Best-threads: 5	Steps: 0	Throughput: 802532.294321
