Effective_runtime: 2.513300	Effective_commits: 509830	Effective_throughput: 202852.827582	Effective_energy_per_tx: 294.728429	Pkg_power: 59.786495	Threads: 17	Elapsed time: 2.521400	Commits: 1839540	Aborts: 112535	P-state: 2	Best-threads: 17	Steps: 0	Throughput: 729570.880609
Effective_runtime: 2.649545	Effective_commits: 509830	Effective_throughput: 192421.687988	Effective_energy_per_tx: 308.946425	Pkg_power: 59.447993	Threads: 17	Elapsed time: 2.652721	Commits: 1839540	Aborts: 113570	P-state: 2	Best-threads: 17	Steps: 0	Throughput: 693453.960844
Effective_runtime: 2.654481	Effective_commits: 509847	Effective_throughput: 192070.292965	Effective_energy_per_tx: 315.519468	Pkg_power: 60.601917	Threads: 17	Elapsed time: 2.668351	Commits: 1839540	Aborts: 127282	P-state: 2	Best-threads: 17	Steps: 0	Throughput: 689392.079536
