Effective_runtime: 2.513919	Effective_commits: 1040096	Effective_throughput: 413734.896376	Effective_energy_per_tx: 124.504602	Pkg_power: 51.511899	Threads: 8	Elapsed time: 2.515023	Commits: 1839540	Aborts: 33041	P-state: 2	Best-threads: 8	Steps: 0	Throughput: 731420.748461
Effective_runtime: 2.384586	Effective_commits: 1040096	Effective_throughput: 436174.744139	Effective_energy_per_tx: 118.359591	Pkg_power: 51.625464	Threads: 8	Elapsed time: 2.385451	Commits: 1839540	Aborts: 29479	P-state: 2	Best-threads: 8	Steps: 0	Throughput: 771149.748844
Effective_runtime: 2.358570	Effective_commits: 1040096	Effective_throughput: 440985.861880	Effective_energy_per_tx: 116.640030	Pkg_power: 51.436604	Threads: 8	Elapsed time: 2.359475	Commits: 1839540	Aborts: 28449	P-state: 2	Best-threads: 8	Steps: 0	Throughput: 779639.572364
