Effective_runtime: 2.818187	Effective_commits: 899175	Effective_throughput: 319061.521661	Effective_energy_per_tx: 160.206396	Pkg_power: 51.115696	Threads: 15	Elapsed time: 2.819850	Commits: 1839543	Aborts: 93392	P-state: 6	Best-threads: 15	Steps: 0	Throughput: 652354.919908
Effective_runtime: 2.880148	Effective_commits: 899175	Effective_throughput: 312197.516286	Effective_energy_per_tx: 164.638615	Pkg_power: 51.399767	Threads: 15	Elapsed time: 2.881597	Commits: 1839543	Aborts: 89075	P-state: 6	Best-threads: 15	Steps: 0	Throughput: 638376.263348
Effective_runtime: 3.062053	Effective_commits: 749310	Effective_throughput: 244708.402062	Effective_energy_per_tx: 210.097946	Pkg_power: 51.412733	Threads: 15	Elapsed time: 3.063853	Commits: 1839543	Aborts: 105386	P-state: 6	Best-threads: 15	Steps: 0	Throughput: 600401.841971
