Effective_runtime: 2.516762	Effective_commits: 1040096	Effective_throughput: 413267.445087	Effective_energy_per_tx: 123.188715	Pkg_power: 50.909886	Threads: 8	Elapsed time: 2.517608	Commits: 1839540	Aborts: 32164	P-state: 3	Best-threads: 8	Steps: 0	Throughput: 730669.698737
Effective_runtime: 2.500565	Effective_commits: 1040096	Effective_throughput: 415944.403386	Effective_energy_per_tx: 120.402314	Pkg_power: 50.080669	Threads: 8	Elapsed time: 2.501307	Commits: 1839540	Aborts: 30328	P-state: 3	Best-threads: 8	Steps: 0	Throughput: 735431.513272
Effective_runtime: 2.505015	Effective_commits: 1040096	Effective_throughput: 415205.555287	Effective_energy_per_tx: 120.959500	Pkg_power: 50.223056	Threads: 8	Elapsed time: 2.506034	Commits: 1839540	Aborts: 30305	P-state: 3	Best-threads: 8	Steps: 0	Throughput: 734044.340704
