Effective_runtime: 3.747317	Effective_commits: 699776	Effective_throughput: 186740.522922	Effective_energy_per_tx: 237.552215	Pkg_power: 44.360625	Threads: 14	Elapsed time: 3.749227	Commits: 1839546	Aborts: 91150	P-state: 9	Best-threads: 14	Steps: 0	Throughput: 490646.732501
Effective_runtime: 3.617491	Effective_commits: 699776	Effective_throughput: 193442.385081	Effective_energy_per_tx: 230.338621	Pkg_power: 44.557252	Threads: 14	Elapsed time: 3.628811	Commits: 1839546	Aborts: 86583	P-state: 9	Best-threads: 14	Steps: 0	Throughput: 506928.009937
Effective_runtime: 3.421051	Effective_commits: 839734	Effective_throughput: 245460.839037	Effective_energy_per_tx: 184.012240	Pkg_power: 45.167799	Threads: 14	Elapsed time: 3.426285	Commits: 1839546	Aborts: 83264	P-state: 9	Best-threads: 14	Steps: 0	Throughput: 536892.285587
