Effective_runtime: 2.620287	Effective_commits: 480032	Effective_throughput: 183198.235581	Effective_energy_per_tx: 303.532248	Pkg_power: 55.606572	Threads: 16	Elapsed time: 2.627871	Commits: 1839540	Aborts: 101516	P-state: 4	Best-threads: 16	Steps: 0	Throughput: 700011.520516
Effective_runtime: 2.803572	Effective_commits: 480032	Effective_throughput: 171221.545646	Effective_energy_per_tx: 324.599620	Pkg_power: 55.578449	Threads: 16	Elapsed time: 2.812365	Commits: 1839540	Aborts: 110676	P-state: 4	Best-threads: 16	Steps: 0	Throughput: 654090.050178
Effective_runtime: 2.737647	Effective_commits: 640048	Effective_throughput: 233794.935312	Effective_energy_per_tx: 237.064000	Pkg_power: 55.424363	Threads: 16	Elapsed time: 2.751295	Commits: 1839540	Aborts: 109749	P-state: 4	Best-threads: 16	Steps: 0	Throughput: 668608.760606
