Effective_runtime: 2.964438	Effective_commits: 1280116	Effective_throughput: 431824.176983	Effective_energy_per_tx: 130.342497	Pkg_power: 56.285042	Threads: 4	Elapsed time: 2.965012	Commits: 1839536	Aborts: 13396	P-state: 1	Best-threads: 4	Steps: 0	Throughput: 620414.337072
Effective_runtime: 3.119106	Effective_commits: 1240116	Effective_throughput: 397586.976417	Effective_energy_per_tx: 140.931939	Pkg_power: 56.032704	Threads: 4	Elapsed time: 3.119623	Commits: 1839536	Aborts: 16692	P-state: 1	Best-threads: 4	Steps: 0	Throughput: 589666.133366
Effective_runtime: 2.978878	Effective_commits: 1280120	Effective_throughput: 429732.296455	Effective_energy_per_tx: 130.112133	Pkg_power: 55.913386	Threads: 4	Elapsed time: 2.979432	Commits: 1839536	Aborts: 13900	P-state: 1	Best-threads: 4	Steps: 0	Throughput: 617411.618907
