Effective_runtime: 3.047180	Effective_commits: 879989	Effective_throughput: 288787.966851	Effective_energy_per_tx: 160.328534	Pkg_power: 46.300951	Threads: 11	Elapsed time: 3.048527	Commits: 1839544	Aborts: 52545	P-state: 7	Best-threads: 11	Steps: 0	Throughput: 603420.602340
Effective_runtime: 2.897019	Effective_commits: 989989	Effective_throughput: 341726.765221	Effective_energy_per_tx: 138.494824	Pkg_power: 47.327388	Threads: 11	Elapsed time: 2.898399	Commits: 1839544	Aborts: 48328	P-state: 7	Best-threads: 11	Steps: 0	Throughput: 634675.877014
Effective_runtime: 2.794647	Effective_commits: 879989	Effective_throughput: 314883.758216	Effective_energy_per_tx: 152.266889	Pkg_power: 47.946370	Threads: 11	Elapsed time: 2.796023	Commits: 1839544	Aborts: 47188	P-state: 7	Best-threads: 11	Steps: 0	Throughput: 657914.498935
