Effective_runtime: 1.950189	Effective_commits: 839736	Effective_throughput: 430592.040083	Effective_energy_per_tx: 171.352215	Pkg_power: 73.782900	Threads: 12	Elapsed time: 1.952573	Commits: 1839543	Aborts: 66527	P-state: 0	Best-threads: 12	Steps: 0	Throughput: 942112.250114
Effective_runtime: 1.954626	Effective_commits: 719772	Effective_throughput: 368240.254314	Effective_energy_per_tx: 197.776696	Pkg_power: 72.829341	Threads: 12	Elapsed time: 1.955550	Commits: 1839543	Aborts: 70780	P-state: 0	Best-threads: 12	Steps: 0	Throughput: 940677.976891
Effective_runtime: 1.751937	Effective_commits: 839736	Effective_throughput: 479318.561039	Effective_energy_per_tx: 157.882933	Pkg_power: 75.676220	Threads: 12	Elapsed time: 1.753334	Commits: 1839543	Aborts: 65914	P-state: 0	Best-threads: 12	Steps: 0	Throughput: 1049168.585311
