Effective_runtime: 2.443917	Effective_commits: 600040	Effective_throughput: 245523.886650	Effective_energy_per_tx: 238.241464	Pkg_power: 58.493970	Threads: 20	Elapsed time: 2.447317	Commits: 1839545	Aborts: 124835	P-state: 4	Best-threads: 20	Steps: 0	Throughput: 751657.798003
Effective_runtime: 2.492152	Effective_commits: 600040	Effective_throughput: 240771.822140	Effective_energy_per_tx: 248.923808	Pkg_power: 59.933839	Threads: 20	Elapsed time: 2.514577	Commits: 1839545	Aborts: 121526	P-state: 4	Best-threads: 20	Steps: 0	Throughput: 731552.489516
Effective_runtime: 2.580032	Effective_commits: 400020	Effective_throughput: 155044.586551	Effective_energy_per_tx: 382.297258	Pkg_power: 59.273120	Threads: 20	Elapsed time: 2.605613	Commits: 1839545	Aborts: 146095	P-state: 4	Best-threads: 20	Steps: 0	Throughput: 705993.178869
