Effective_runtime: 2.285350	Effective_commits: 359658	Effective_throughput: 157375.429581	Effective_energy_per_tx: 467.088181	Pkg_power: 73.508203	Threads: 18	Elapsed time: 2.293025	Commits: 1839549	Aborts: 113721	P-state: 1	Best-threads: 18	Steps: 0	Throughput: 802236.777416
Effective_runtime: 2.310333	Effective_commits: 539496	Effective_throughput: 233514.420514	Effective_energy_per_tx: 312.642255	Pkg_power: 73.006475	Threads: 18	Elapsed time: 2.333508	Commits: 1839549	Aborts: 125361	P-state: 1	Best-threads: 18	Steps: 0	Throughput: 788319.126580
Effective_runtime: 2.132366	Effective_commits: 719334	Effective_throughput: 337340.814692	Effective_energy_per_tx: 217.583605	Pkg_power: 73.399831	Threads: 18	Elapsed time: 2.152789	Commits: 1839549	Aborts: 110615	P-state: 1	Best-threads: 18	Steps: 0	Throughput: 854495.774870
