Effective_runtime: 2.678222	Effective_commits: 480032	Effective_throughput: 179235.356085	Effective_energy_per_tx: 315.883006	Pkg_power: 56.617403	Threads: 16	Elapsed time: 2.698613	Commits: 1839540	Aborts: 120253	P-state: 3	Best-threads: 16	Steps: 0	Throughput: 681661.240901
Effective_runtime: 2.822810	Effective_commits: 640064	Effective_throughput: 226747.144762	Effective_energy_per_tx: 252.757374	Pkg_power: 57.312013	Threads: 16	Elapsed time: 2.824179	Commits: 1839540	Aborts: 108867	P-state: 3	Best-threads: 16	Steps: 0	Throughput: 651353.913093
Effective_runtime: 2.489357	Effective_commits: 640048	Effective_throughput: 257113.756918	Effective_energy_per_tx: 225.306964	Pkg_power: 57.929520	Threads: 16	Elapsed time: 2.502100	Commits: 1839540	Aborts: 100891	P-state: 3	Best-threads: 16	Steps: 0	Throughput: 735198.436006
