Effective_runtime: 3.396987	Effective_commits: 1280120	Effective_throughput: 376839.776138	Effective_energy_per_tx: 122.238355	Pkg_power: 46.064274	Threads: 4	Elapsed time: 3.397663	Commits: 1839536	Aborts: 13949	P-state: 2	Best-threads: 4	Steps: 0	Throughput: 541412.122671
Effective_runtime: 3.380267	Effective_commits: 1240120	Effective_throughput: 366870.425846	Effective_energy_per_tx: 125.644091	Pkg_power: 46.095101	Threads: 4	Elapsed time: 3.381001	Commits: 1839536	Aborts: 14579	P-state: 2	Best-threads: 4	Steps: 0	Throughput: 544080.289351
Effective_runtime: 3.355067	Effective_commits: 1280124	Effective_throughput: 381549.502812	Effective_energy_per_tx: 120.231451	Pkg_power: 45.874250	Threads: 4	Elapsed time: 3.355683	Commits: 1839536	Aborts: 14688	P-state: 2	Best-threads: 4	Steps: 0	Throughput: 548185.297089
