Effective_runtime: 2.434169	Effective_commits: 649857	Effective_throughput: 266972.829790	Effective_energy_per_tx: 208.414739	Pkg_power: 55.641073	Threads: 13	Elapsed time: 2.435565	Commits: 1839545	Aborts: 74108	P-state: 2	Best-threads: 13	Steps: 0	Throughput: 755284.709675
Effective_runtime: 2.418651	Effective_commits: 649857	Effective_throughput: 268685.734939	Effective_energy_per_tx: 209.339578	Pkg_power: 56.246558	Threads: 13	Elapsed time: 2.420279	Commits: 1839545	Aborts: 74188	P-state: 2	Best-threads: 13	Steps: 0	Throughput: 760054.927640
Effective_runtime: 2.756377	Effective_commits: 779831	Effective_throughput: 282918.823734	Effective_energy_per_tx: 194.663857	Pkg_power: 55.074069	Threads: 13	Elapsed time: 2.758746	Commits: 1839545	Aborts: 91591	P-state: 2	Best-threads: 13	Steps: 0	Throughput: 666804.737325
