Effective_runtime: 3.802242	Effective_commits: 1049678	Effective_throughput: 276068.137413	Effective_energy_per_tx: 146.177674	Pkg_power: 40.354998	Threads: 7	Elapsed time: 3.803344	Commits: 1839539	Aborts: 27940	P-state: 9	Best-threads: 7	Steps: 0	Throughput: 483663.585132
Effective_runtime: 3.604216	Effective_commits: 1049678	Effective_throughput: 291236.158631	Effective_energy_per_tx: 138.631724	Pkg_power: 40.374571	Threads: 7	Elapsed time: 3.605213	Commits: 1839539	Aborts: 23610	P-state: 9	Best-threads: 7	Steps: 0	Throughput: 510244.170224
Effective_runtime: 3.735280	Effective_commits: 1049678	Effective_throughput: 281017.212220	Effective_energy_per_tx: 142.588529	Pkg_power: 40.069831	Threads: 7	Elapsed time: 3.736320	Commits: 1839539	Aborts: 25672	P-state: 9	Best-threads: 7	Steps: 0	Throughput: 492339.786410
