Effective_runtime: 3.900712	Effective_commits: 1240124	Effective_throughput: 317922.458712	Effective_energy_per_tx: 133.458386	Pkg_power: 42.429418	Threads: 4	Elapsed time: 3.901516	Commits: 1839536	Aborts: 14270	P-state: 5	Best-threads: 4	Steps: 0	Throughput: 471492.624542
Effective_runtime: 4.014067	Effective_commits: 1240120	Effective_throughput: 308943.506165	Effective_energy_per_tx: 137.694433	Pkg_power: 42.539801	Threads: 4	Elapsed time: 4.014839	Commits: 1839536	Aborts: 15936	P-state: 5	Best-threads: 4	Steps: 0	Throughput: 458184.258513
Effective_runtime: 3.965680	Effective_commits: 1240120	Effective_throughput: 312713.113459	Effective_energy_per_tx: 136.313649	Pkg_power: 42.627066	Threads: 4	Elapsed time: 3.966375	Commits: 1839536	Aborts: 13780	P-state: 5	Best-threads: 4	Steps: 0	Throughput: 463782.659937
