Effective_runtime: 1.918982	Effective_commits: 800064	Effective_throughput: 416921.057842	Effective_energy_per_tx: 190.677463	Pkg_power: 79.497450	Threads: 16	Elapsed time: 1.923083	Commits: 1839540	Aborts: 100757	P-state: 0	Best-threads: 16	Steps: 0	Throughput: 956557.743981
Effective_runtime: 1.944908	Effective_commits: 480032	Effective_throughput: 246814.701620	Effective_energy_per_tx: 318.606889	Pkg_power: 78.636864	Threads: 16	Elapsed time: 1.948814	Commits: 1839540	Aborts: 99327	P-state: 0	Best-threads: 16	Steps: 0	Throughput: 943927.989021
Effective_runtime: 2.062589	Effective_commits: 640048	Effective_throughput: 310312.916018	Effective_energy_per_tx: 251.501986	Pkg_power: 78.044315	Threads: 16	Elapsed time: 2.066950	Commits: 1839540	Aborts: 107877	P-state: 0	Best-threads: 16	Steps: 0	Throughput: 889978.053904
