Effective_runtime: 2.397537	Effective_commits: 449580	Effective_throughput: 187517.445169	Effective_energy_per_tx: 371.717105	Pkg_power: 69.703442	Threads: 15	Elapsed time: 2.401825	Commits: 1839543	Aborts: 102648	P-state: 1	Best-threads: 15	Steps: 0	Throughput: 765893.867121
Effective_runtime: 1.998896	Effective_commits: 899175	Effective_throughput: 449835.726776	Effective_energy_per_tx: 155.881833	Pkg_power: 70.121218	Threads: 15	Elapsed time: 2.000044	Commits: 1839543	Aborts: 90680	P-state: 1	Best-threads: 15	Steps: 0	Throughput: 919751.216066
Effective_runtime: 2.267926	Effective_commits: 599445	Effective_throughput: 264314.141570	Effective_energy_per_tx: 264.950618	Pkg_power: 70.030195	Threads: 15	Elapsed time: 2.269071	Commits: 1839543	Aborts: 100099	P-state: 1	Best-threads: 15	Steps: 0	Throughput: 810703.110301
