Effective_runtime: 4.001724	Effective_commits: 1150110	Effective_throughput: 287403.600523	Effective_energy_per_tx: 143.151172	Pkg_power: 41.142162	Threads: 5	Elapsed time: 4.002543	Commits: 1839538	Aborts: 20924	P-state: 7	Best-threads: 5	Steps: 0	Throughput: 459592.317337
Effective_runtime: 3.983075	Effective_commits: 1150105	Effective_throughput: 288748.001700	Effective_energy_per_tx: 139.813537	Pkg_power: 40.370879	Threads: 5	Elapsed time: 3.984023	Commits: 1839538	Aborts: 19484	P-state: 7	Best-threads: 5	Steps: 0	Throughput: 461728.776817
Effective_runtime: 3.844454	Effective_commits: 1150110	Effective_throughput: 299160.846374	Effective_energy_per_tx: 138.870055	Pkg_power: 41.544483	Threads: 5	Elapsed time: 3.845179	Commits: 1839538	Aborts: 18263	P-state: 7	Best-threads: 5	Steps: 0	Throughput: 478401.125479
