Effective_runtime: 1.889442	Effective_commits: 949506	Effective_throughput: 502532.591065	Effective_energy_per_tx: 146.390446	Pkg_power: 73.565970	Threads: 19	Elapsed time: 1.892002	Commits: 1839550	Aborts: 108006	P-state: 1	Best-threads: 19	Steps: 0	Throughput: 972276.930583
Effective_runtime: 2.121554	Effective_commits: 569696	Effective_throughput: 268527.660921	Effective_energy_per_tx: 274.988873	Pkg_power: 73.842119	Threads: 19	Elapsed time: 2.137054	Commits: 1839550	Aborts: 114982	P-state: 1	Best-threads: 19	Steps: 0	Throughput: 860787.808271
Effective_runtime: 2.137534	Effective_commits: 569696	Effective_throughput: 266520.188226	Effective_energy_per_tx: 283.315595	Pkg_power: 75.509326	Threads: 19	Elapsed time: 2.195422	Commits: 1839550	Aborts: 124165	P-state: 1	Best-threads: 19	Steps: 0	Throughput: 837902.715375
