Effective_runtime: 4.701847	Effective_commits: 1079664	Effective_throughput: 229625.483252	Effective_energy_per_tx: 162.270493	Pkg_power: 37.261440	Threads: 6	Elapsed time: 4.703125	Commits: 1839538	Aborts: 25804	P-state: 11	Best-threads: 6	Steps: 0	Throughput: 391131.003322
Effective_runtime: 4.689354	Effective_commits: 1079670	Effective_throughput: 230238.556184	Effective_energy_per_tx: 162.831737	Pkg_power: 37.490144	Threads: 6	Elapsed time: 4.690382	Commits: 1839538	Aborts: 23772	P-state: 11	Best-threads: 6	Steps: 0	Throughput: 392193.641907
Effective_runtime: 4.777934	Effective_commits: 1079670	Effective_throughput: 225970.046308	Effective_energy_per_tx: 169.089794	Pkg_power: 38.209229	Threads: 6	Elapsed time: 4.778941	Commits: 1839538	Aborts: 25266	P-state: 11	Best-threads: 6	Steps: 0	Throughput: 384925.872136
