Effective_runtime: 3.272910	Effective_commits: 1079670	Effective_throughput: 329880.723933	Effective_energy_per_tx: 137.058729	Pkg_power: 45.213033	Threads: 6	Elapsed time: 3.273710	Commits: 1839538	Aborts: 26881	P-state: 5	Best-threads: 6	Steps: 0	Throughput: 561912.323637
Effective_runtime: 3.188340	Effective_commits: 1079670	Effective_throughput: 338630.800345	Effective_energy_per_tx: 133.316988	Pkg_power: 45.145238	Threads: 6	Elapsed time: 3.189091	Commits: 1839538	Aborts: 25806	P-state: 5	Best-threads: 6	Steps: 0	Throughput: 576822.053348
Effective_runtime: 3.136294	Effective_commits: 1079670	Effective_throughput: 344250.275429	Effective_energy_per_tx: 128.652658	Pkg_power: 44.288713	Threads: 6	Elapsed time: 3.137333	Commits: 1839538	Aborts: 24653	P-state: 5	Best-threads: 6	Steps: 0	Throughput: 586338.156995
