Effective_runtime: 10.901516	Effective_commits: 1830000	Effective_throughput: 167866.558450	Effective_energy_per_tx: 233.520811	Pkg_power: 39.200335	Threads: 1	Elapsed time: 10.901997	Commits: 1839535	Aborts: 0	P-state: 4	Best-threads: 1	Steps: 0	Throughput: 168733.763632
Effective_runtime: 11.140530	Effective_commits: 1830000	Effective_throughput: 164265.081597	Effective_energy_per_tx: 237.117073	Pkg_power: 38.950055	Threads: 1	Elapsed time: 11.140970	Commits: 1839535	Aborts: 0	P-state: 4	Best-threads: 1	Steps: 0	Throughput: 165114.438094
Effective_runtime: 11.038013	Effective_commits: 1830000	Effective_throughput: 165790.709610	Effective_energy_per_tx: 237.424683	Pkg_power: 39.362807	Threads: 1	Elapsed time: 11.038493	Commits: 1839535	Aborts: 0	P-state: 4	Best-threads: 1	Steps: 0	Throughput: 166647.296299
