Effective_runtime: 3.003499	Effective_commits: 839736	Effective_throughput: 279585.945472	Effective_energy_per_tx: 172.364550	Pkg_power: 48.190706	Threads: 12	Elapsed time: 3.004905	Commits: 1839543	Aborts: 70547	P-state: 6	Best-threads: 12	Steps: 0	Throughput: 612180.088529
Effective_runtime: 3.103464	Effective_commits: 719772	Effective_throughput: 231925.373639	Effective_energy_per_tx: 207.987864	Pkg_power: 48.237663	Threads: 12	Elapsed time: 3.107967	Commits: 1839543	Aborts: 72680	P-state: 6	Best-threads: 12	Steps: 0	Throughput: 591879.855630
Effective_runtime: 2.890610	Effective_commits: 839736	Effective_throughput: 290504.774661	Effective_energy_per_tx: 172.313454	Pkg_power: 50.057881	Threads: 12	Elapsed time: 2.900497	Commits: 1839543	Aborts: 68464	P-state: 6	Best-threads: 12	Steps: 0	Throughput: 634216.489646
