Effective_runtime: 3.370322	Effective_commits: 539496	Effective_throughput: 160072.523390	Effective_energy_per_tx: 289.014803	Pkg_power: 46.263329	Threads: 18	Elapsed time: 3.380190	Commits: 1839549	Aborts: 99907	P-state: 9	Best-threads: 18	Steps: 0	Throughput: 544214.652741
Effective_runtime: 3.224651	Effective_commits: 899172	Effective_throughput: 278843.203083	Effective_energy_per_tx: 169.921722	Pkg_power: 47.381517	Threads: 18	Elapsed time: 3.233848	Commits: 1839549	Aborts: 101272	P-state: 9	Best-threads: 18	Steps: 0	Throughput: 568842.118119
Effective_runtime: 3.191204	Effective_commits: 899172	Effective_throughput: 281765.786373	Effective_energy_per_tx: 169.614772	Pkg_power: 47.791640	Threads: 18	Elapsed time: 3.201125	Commits: 1839549	Aborts: 100264	P-state: 9	Best-threads: 18	Steps: 0	Throughput: 574657.008614
