Effective_runtime: 3.471137	Effective_commits: 989991	Effective_throughput: 285206.544391	Effective_energy_per_tx: 145.747973	Pkg_power: 41.568276	Threads: 9	Elapsed time: 3.472279	Commits: 1839540	Aborts: 36378	P-state: 9	Best-threads: 9	Steps: 0	Throughput: 529778.882477
Effective_runtime: 3.279851	Effective_commits: 989991	Effective_throughput: 301840.213304	Effective_energy_per_tx: 139.072040	Pkg_power: 41.977534	Threads: 9	Elapsed time: 3.281107	Commits: 1839540	Aborts: 34077	P-state: 9	Best-threads: 9	Steps: 0	Throughput: 560646.115780
Effective_runtime: 3.350911	Effective_commits: 989991	Effective_throughput: 295439.372409	Effective_energy_per_tx: 142.230660	Pkg_power: 42.020537	Threads: 9	Elapsed time: 3.352330	Commits: 1839540	Aborts: 34950	P-state: 9	Best-threads: 9	Steps: 0	Throughput: 548734.765607
