Effective_runtime: 3.726768	Effective_commits: 1150110	Effective_throughput: 308607.874750	Effective_energy_per_tx: 136.373643	Pkg_power: 42.085980	Threads: 5	Elapsed time: 3.727482	Commits: 1839538	Aborts: 20075	P-state: 6	Best-threads: 5	Steps: 0	Throughput: 493506.897674
Effective_runtime: 3.599790	Effective_commits: 1150110	Effective_throughput: 319493.609438	Effective_energy_per_tx: 134.546324	Pkg_power: 42.986691	Threads: 5	Elapsed time: 3.600638	Commits: 1839538	Aborts: 17973	P-state: 6	Best-threads: 5	Steps: 0	Throughput: 510892.214871
Effective_runtime: 3.712926	Effective_commits: 1150110	Effective_throughput: 309758.392480	Effective_energy_per_tx: 135.356207	Pkg_power: 41.927721	Threads: 5	Elapsed time: 3.713785	Commits: 1839538	Aborts: 19299	P-state: 6	Best-threads: 5	Steps: 0	Throughput: 495326.981785
