Effective_runtime: 3.779311	Effective_commits: 1040096	Effective_throughput: 275207.801277	Effective_energy_per_tx: 145.890231	Pkg_power: 40.150130	Threads: 8	Elapsed time: 3.780533	Commits: 1839540	Aborts: 31166	P-state: 10	Best-threads: 8	Steps: 0	Throughput: 486582.173293
Effective_runtime: 3.962735	Effective_commits: 1040096	Effective_throughput: 262469.256905	Effective_energy_per_tx: 152.501413	Pkg_power: 40.026933	Threads: 8	Elapsed time: 3.963922	Commits: 1839540	Aborts: 32326	P-state: 10	Best-threads: 8	Steps: 0	Throughput: 464070.682765
Effective_runtime: 3.981244	Effective_commits: 1040096	Effective_throughput: 261248.982371	Effective_energy_per_tx: 151.865417	Pkg_power: 39.674686	Threads: 8	Elapsed time: 3.982218	Commits: 1839540	Aborts: 35875	P-state: 10	Best-threads: 8	Steps: 0	Throughput: 461938.544669
