Effective_runtime: 3.479336	Effective_commits: 699776	Effective_throughput: 201123.431244	Effective_energy_per_tx: 223.797588	Pkg_power: 45.010939	Threads: 14	Elapsed time: 3.481204	Commits: 1839546	Aborts: 87125	P-state: 8	Best-threads: 14	Steps: 0	Throughput: 528422.345435
Effective_runtime: 3.380739	Effective_commits: 699776	Effective_throughput: 206989.039939	Effective_energy_per_tx: 220.829640	Pkg_power: 45.709315	Threads: 14	Elapsed time: 3.385872	Commits: 1839546	Aborts: 86208	P-state: 8	Best-threads: 14	Steps: 0	Throughput: 543300.494451
Effective_runtime: 3.526735	Effective_commits: 699776	Effective_throughput: 198420.351237	Effective_energy_per_tx: 231.686880	Pkg_power: 45.971392	Threads: 14	Elapsed time: 3.531968	Commits: 1839546	Aborts: 87423	P-state: 8	Best-threads: 14	Steps: 0	Throughput: 520827.499956
