Effective_runtime: 3.386295	Effective_commits: 1049678	Effective_throughput: 309978.306332	Effective_energy_per_tx: 137.213590	Pkg_power: 42.533236	Threads: 7	Elapsed time: 3.387218	Commits: 1839539	Aborts: 23876	P-state: 8	Best-threads: 7	Steps: 0	Throughput: 543082.553533
Effective_runtime: 3.536007	Effective_commits: 1049678	Effective_throughput: 296854.017436	Effective_energy_per_tx: 138.996767	Pkg_power: 41.261749	Threads: 7	Elapsed time: 3.536958	Commits: 1839539	Aborts: 25349	P-state: 8	Best-threads: 7	Steps: 0	Throughput: 520090.678718
Effective_runtime: 3.452379	Effective_commits: 1049678	Effective_throughput: 304044.832867	Effective_energy_per_tx: 137.267260	Pkg_power: 41.735401	Threads: 7	Elapsed time: 3.453267	Commits: 1839539	Aborts: 24609	P-state: 8	Best-threads: 7	Steps: 0	Throughput: 532695.255848
