Effective_runtime: 5.479410	Effective_commits: 1240116	Effective_throughput: 226322.909837	Effective_energy_per_tx: 163.460114	Pkg_power: 36.994769	Threads: 4	Elapsed time: 5.480293	Commits: 1839536	Aborts: 15248	P-state: 10	Best-threads: 4	Steps: 0	Throughput: 335663.802662
Effective_runtime: 5.521516	Effective_commits: 1240120	Effective_throughput: 224597.744569	Effective_energy_per_tx: 162.161341	Pkg_power: 36.421071	Threads: 4	Elapsed time: 5.522449	Commits: 1839536	Aborts: 14722	P-state: 10	Best-threads: 4	Steps: 0	Throughput: 333101.490748
Effective_runtime: 5.445851	Effective_commits: 1240124	Effective_throughput: 227719.044732	Effective_energy_per_tx: 161.414051	Pkg_power: 36.757053	Threads: 4	Elapsed time: 5.446690	Commits: 1839536	Aborts: 14981	P-state: 10	Best-threads: 4	Steps: 0	Throughput: 337734.670532
