Effective_runtime: 2.136667	Effective_commits: 879989	Effective_throughput: 411851.313460	Effective_energy_per_tx: 160.066566	Pkg_power: 65.923625	Threads: 11	Elapsed time: 2.137579	Commits: 1839544	Aborts: 56912	P-state: 1	Best-threads: 11	Steps: 0	Throughput: 860573.588522
Effective_runtime: 2.259093	Effective_commits: 769989	Effective_throughput: 340839.850588	Effective_energy_per_tx: 191.225227	Pkg_power: 65.177178	Threads: 11	Elapsed time: 2.260144	Commits: 1839544	Aborts: 57845	P-state: 1	Best-threads: 11	Steps: 0	Throughput: 813905.664346
Effective_runtime: 2.027610	Effective_commits: 879989	Effective_throughput: 434003.041787	Effective_energy_per_tx: 152.464423	Pkg_power: 66.170023	Threads: 11	Elapsed time: 2.028563	Commits: 1839544	Aborts: 49862	P-state: 1	Best-threads: 11	Steps: 0	Throughput: 906821.222458
