Effective_runtime: 4.110966	Effective_commits: 1049678	Effective_throughput: 255336.109656	Effective_energy_per_tx: 151.542552	Pkg_power: 38.694286	Threads: 7	Elapsed time: 4.112223	Commits: 1839539	Aborts: 26234	P-state: 10	Best-threads: 7	Steps: 0	Throughput: 447334.456398
Effective_runtime: 4.028888	Effective_commits: 1049678	Effective_throughput: 260537.874885	Effective_energy_per_tx: 147.914564	Pkg_power: 38.537346	Threads: 7	Elapsed time: 4.029994	Commits: 1839539	Aborts: 25862	P-state: 10	Best-threads: 7	Steps: 0	Throughput: 456461.968681
Effective_runtime: 3.793271	Effective_commits: 1049678	Effective_throughput: 276721.046594	Effective_energy_per_tx: 142.931067	Pkg_power: 39.552035	Threads: 7	Elapsed time: 3.794324	Commits: 1839539	Aborts: 22776	P-state: 10	Best-threads: 7	Steps: 0	Throughput: 484813.378668
