Effective_runtime: 3.720440	Effective_commits: 849728	Effective_throughput: 228394.485019	Effective_energy_per_tx: 197.637200	Pkg_power: 45.139247	Threads: 17	Elapsed time: 3.728102	Commits: 1839540	Aborts: 106483	P-state: 10	Best-threads: 17	Steps: 0	Throughput: 493425.313409
Effective_runtime: 3.883407	Effective_commits: 679779	Effective_throughput: 175047.053776	Effective_energy_per_tx: 255.174315	Pkg_power: 44.667512	Threads: 17	Elapsed time: 3.889866	Commits: 1839540	Aborts: 122428	P-state: 10	Best-threads: 17	Steps: 0	Throughput: 472905.736662
Effective_runtime: 3.730566	Effective_commits: 679779	Effective_throughput: 182218.746223	Effective_energy_per_tx: 243.976229	Pkg_power: 44.457043	Threads: 17	Elapsed time: 3.764413	Commits: 1839540	Aborts: 108009	P-state: 10	Best-threads: 17	Steps: 0	Throughput: 488665.813810
