Effective_runtime: 2.528222	Effective_commits: 759601	Effective_throughput: 300448.683723	Effective_energy_per_tx: 192.273656	Pkg_power: 57.768367	Threads: 19	Elapsed time: 2.532258	Commits: 1839550	Aborts: 112095	P-state: 4	Best-threads: 19	Steps: 0	Throughput: 726446.505641
Effective_runtime: 2.419007	Effective_commits: 949506	Effective_throughput: 392518.884707	Effective_energy_per_tx: 148.258317	Pkg_power: 58.194189	Threads: 19	Elapsed time: 2.423693	Commits: 1839550	Aborts: 113981	P-state: 4	Best-threads: 19	Steps: 0	Throughput: 758986.408045
Effective_runtime: 2.706431	Effective_commits: 569696	Effective_throughput: 210497.136169	Effective_energy_per_tx: 276.510632	Pkg_power: 58.204696	Threads: 19	Elapsed time: 2.712192	Commits: 1839550	Aborts: 115449	P-state: 4	Best-threads: 19	Steps: 0	Throughput: 678252.174620
