Effective_runtime: 3.388154	Effective_commits: 1150110	Effective_throughput: 339450.331750	Effective_energy_per_tx: 134.006561	Pkg_power: 45.488572	Threads: 5	Elapsed time: 3.388916	Commits: 1839538	Aborts: 20452	P-state: 4	Best-threads: 5	Steps: 0	Throughput: 542810.146819
Effective_runtime: 3.372004	Effective_commits: 1150110	Effective_throughput: 341076.103812	Effective_energy_per_tx: 133.149394	Pkg_power: 45.414076	Threads: 5	Elapsed time: 3.372817	Commits: 1839538	Aborts: 21332	P-state: 4	Best-threads: 5	Steps: 0	Throughput: 545401.063403
Effective_runtime: 3.232528	Effective_commits: 1150105	Effective_throughput: 355791.238919	Effective_energy_per_tx: 126.403408	Pkg_power: 44.973225	Threads: 5	Elapsed time: 3.233184	Commits: 1839538	Aborts: 18558	P-state: 4	Best-threads: 5	Steps: 0	Throughput: 568955.538429
