Effective_runtime: 1.933629	Effective_commits: 779831	Effective_throughput: 403299.258524	Effective_energy_per_tx: 186.469148	Pkg_power: 75.202869	Threads: 13	Elapsed time: 1.935041	Commits: 1839545	Aborts: 75845	P-state: 0	Best-threads: 13	Steps: 0	Throughput: 950649.131877
Effective_runtime: 1.840845	Effective_commits: 909805	Effective_throughput: 494232.152886	Effective_energy_per_tx: 155.732248	Pkg_power: 76.967884	Threads: 13	Elapsed time: 1.842453	Commits: 1839545	Aborts: 76413	P-state: 0	Best-threads: 13	Steps: 0	Throughput: 998421.667785
Effective_runtime: 1.924324	Effective_commits: 649857	Effective_throughput: 337706.597665	Effective_energy_per_tx: 218.783394	Pkg_power: 73.884596	Threads: 13	Elapsed time: 1.926791	Commits: 1839545	Aborts: 73997	P-state: 0	Best-threads: 13	Steps: 0	Throughput: 954719.554521
