Effective_runtime: 3.455122	Effective_commits: 1040096	Effective_throughput: 301030.149944	Effective_energy_per_tx: 135.888399	Pkg_power: 40.906505	Threads: 8	Elapsed time: 3.456310	Commits: 1839540	Aborts: 28636	P-state: 9	Best-threads: 8	Steps: 0	Throughput: 532226.560121
Effective_runtime: 3.584229	Effective_commits: 1040096	Effective_throughput: 290186.834899	Effective_energy_per_tx: 140.203292	Pkg_power: 40.685149	Threads: 8	Elapsed time: 3.585315	Commits: 1839540	Aborts: 30285	P-state: 9	Best-threads: 8	Steps: 0	Throughput: 513076.258459
Effective_runtime: 3.563121	Effective_commits: 1040096	Effective_throughput: 291905.851341	Effective_energy_per_tx: 141.112161	Pkg_power: 41.191465	Threads: 8	Elapsed time: 3.564079	Commits: 1839540	Aborts: 33054	P-state: 9	Best-threads: 8	Steps: 0	Throughput: 516133.333781
