Effective_runtime: 2.156194	Effective_commits: 1079670	Effective_throughput: 500729.435856	Effective_energy_per_tx: 132.327127	Pkg_power: 66.260088	Threads: 6	Elapsed time: 2.156792	Commits: 1839538	Aborts: 23565	P-state: 0	Best-threads: 6	Steps: 0	Throughput: 852904.713853
Effective_runtime: 2.128372	Effective_commits: 1139652	Effective_throughput: 535457.237846	Effective_energy_per_tx: 121.925506	Pkg_power: 65.285895	Threads: 6	Elapsed time: 2.129044	Commits: 1839538	Aborts: 25234	P-state: 0	Best-threads: 6	Steps: 0	Throughput: 864020.636336
Effective_runtime: 2.134431	Effective_commits: 1079670	Effective_throughput: 505834.942894	Effective_energy_per_tx: 129.922291	Pkg_power: 65.719235	Threads: 6	Elapsed time: 2.135033	Commits: 1839538	Aborts: 25508	P-state: 0	Best-threads: 6	Steps: 0	Throughput: 861597.030517
