Effective_runtime: 2.887235	Effective_commits: 649857	Effective_throughput: 225079.366430	Effective_energy_per_tx: 230.319106	Pkg_power: 51.840078	Threads: 13	Elapsed time: 2.892616	Commits: 1839545	Aborts: 76472	P-state: 5	Best-threads: 13	Steps: 0	Throughput: 635945.102517
Effective_runtime: 2.833035	Effective_commits: 649857	Effective_throughput: 229385.469403	Effective_energy_per_tx: 229.699417	Pkg_power: 52.689709	Threads: 13	Elapsed time: 2.834520	Commits: 1839545	Aborts: 76936	P-state: 5	Best-threads: 13	Steps: 0	Throughput: 648979.399978
Effective_runtime: 3.044667	Effective_commits: 649844	Effective_throughput: 213436.828354	Effective_energy_per_tx: 239.610679	Pkg_power: 51.141743	Threads: 13	Elapsed time: 3.046193	Commits: 1839545	Aborts: 87658	P-state: 5	Best-threads: 13	Steps: 0	Throughput: 603883.296226
