Effective_runtime: 2.500731	Effective_commits: 800060	Effective_throughput: 319930.506836	Effective_energy_per_tx: 177.687863	Pkg_power: 56.847768	Threads: 20	Elapsed time: 2.502831	Commits: 1839545	Aborts: 115592	P-state: 6	Best-threads: 20	Steps: 0	Throughput: 734985.707416
Effective_runtime: 2.563495	Effective_commits: 800060	Effective_throughput: 312097.349519	Effective_energy_per_tx: 180.763720	Pkg_power: 56.415878	Threads: 20	Elapsed time: 2.566064	Commits: 1839545	Aborts: 124778	P-state: 6	Best-threads: 20	Steps: 0	Throughput: 716874.136596
Effective_runtime: 2.675069	Effective_commits: 800060	Effective_throughput: 299080.119665	Effective_energy_per_tx: 186.220757	Pkg_power: 55.694926	Threads: 20	Elapsed time: 2.681130	Commits: 1839545	Aborts: 125226	P-state: 6	Best-threads: 20	Steps: 0	Throughput: 686108.113511
