Effective_runtime: 3.859228	Effective_commits: 1079670	Effective_throughput: 279763.183112	Effective_energy_per_tx: 144.859860	Pkg_power: 40.526456	Threads: 6	Elapsed time: 3.860086	Commits: 1839538	Aborts: 25084	P-state: 8	Best-threads: 6	Steps: 0	Throughput: 476553.635608
Effective_runtime: 3.976970	Effective_commits: 1079670	Effective_throughput: 271480.582370	Effective_energy_per_tx: 150.051965	Pkg_power: 40.736195	Threads: 6	Elapsed time: 3.977855	Commits: 1839538	Aborts: 28350	P-state: 8	Best-threads: 6	Steps: 0	Throughput: 462444.713346
Effective_runtime: 3.780331	Effective_commits: 1079670	Effective_throughput: 285601.940615	Effective_energy_per_tx: 143.216273	Pkg_power: 40.902845	Threads: 6	Elapsed time: 3.781195	Commits: 1839538	Aborts: 24582	P-state: 8	Best-threads: 6	Steps: 0	Throughput: 486496.474352
