Effective_runtime: 3.190529	Effective_commits: 800064	Effective_throughput: 250762.168801	Effective_energy_per_tx: 202.065531	Pkg_power: 50.670391	Threads: 16	Elapsed time: 3.192184	Commits: 1839540	Aborts: 102302	P-state: 7	Best-threads: 16	Steps: 0	Throughput: 576263.779431
Effective_runtime: 3.390624	Effective_commits: 640048	Effective_throughput: 188769.984528	Effective_energy_per_tx: 263.314519	Pkg_power: 49.705878	Threads: 16	Elapsed time: 3.399599	Commits: 1839540	Aborts: 113615	P-state: 7	Best-threads: 16	Steps: 0	Throughput: 541105.020991
Effective_runtime: 2.917404	Effective_commits: 960080	Effective_throughput: 329087.106485	Effective_energy_per_tx: 158.510581	Pkg_power: 52.163789	Threads: 16	Elapsed time: 2.919495	Commits: 1839540	Aborts: 99937	P-state: 7	Best-threads: 16	Steps: 0	Throughput: 630088.400005
