Effective_runtime: 9.952338	Effective_commits: 1830000	Effective_throughput: 183876.397736	Effective_energy_per_tx: 223.812744	Pkg_power: 41.153881	Threads: 1	Elapsed time: 9.952727	Commits: 1839535	Aborts: 0	P-state: 2	Best-threads: 1	Steps: 0	Throughput: 184827.232308
Effective_runtime: 9.975275	Effective_commits: 1830000	Effective_throughput: 183453.596686	Effective_energy_per_tx: 225.645194	Pkg_power: 41.395422	Threads: 1	Elapsed time: 9.975713	Commits: 1839535	Aborts: 0	P-state: 2	Best-threads: 1	Steps: 0	Throughput: 184401.355302
Effective_runtime: 10.585132	Effective_commits: 1830000	Effective_throughput: 172884.009626	Effective_energy_per_tx: 237.548987	Pkg_power: 41.068421	Threads: 1	Elapsed time: 10.585579	Commits: 1839535	Aborts: 0	P-state: 2	Best-threads: 1	Steps: 0	Throughput: 173777.458387
