Effective_runtime: 4.135060	Effective_commits: 1280124	Effective_throughput: 309578.065356	Effective_energy_per_tx: 133.574365	Pkg_power: 41.351694	Threads: 4	Elapsed time: 4.135877	Commits: 1839536	Aborts: 14490	P-state: 6	Best-threads: 4	Steps: 0	Throughput: 444775.327493
Effective_runtime: 4.073231	Effective_commits: 1280124	Effective_throughput: 314277.286627	Effective_energy_per_tx: 132.446804	Pkg_power: 41.625022	Threads: 4	Elapsed time: 4.073954	Commits: 1839536	Aborts: 13450	P-state: 6	Best-threads: 4	Steps: 0	Throughput: 451535.769039
Effective_runtime: 4.103187	Effective_commits: 1280124	Effective_throughput: 311982.880964	Effective_energy_per_tx: 134.543011	Pkg_power: 41.975116	Threads: 4	Elapsed time: 4.103971	Commits: 1839536	Aborts: 13289	P-state: 6	Best-threads: 4	Steps: 0	Throughput: 448233.186343
