Effective_runtime: 2.774568	Effective_commits: 899172	Effective_throughput: 324076.394889	Effective_energy_per_tx: 174.550806	Pkg_power: 56.567796	Threads: 18	Elapsed time: 2.776796	Commits: 1839549	Aborts: 113958	P-state: 5	Best-threads: 18	Steps: 0	Throughput: 662471.816448
Effective_runtime: 2.914714	Effective_commits: 719334	Effective_throughput: 246794.050814	Effective_energy_per_tx: 228.317980	Pkg_power: 56.347519	Threads: 18	Elapsed time: 2.917911	Commits: 1839549	Aborts: 117897	P-state: 5	Best-threads: 18	Steps: 0	Throughput: 630433.541932
Effective_runtime: 2.620858	Effective_commits: 719334	Effective_throughput: 274465.028861	Effective_energy_per_tx: 203.927872	Pkg_power: 55.971069	Threads: 18	Elapsed time: 2.622488	Commits: 1839549	Aborts: 104865	P-state: 5	Best-threads: 18	Steps: 0	Throughput: 701451.821580
