Effective_runtime: 3.484457	Effective_commits: 719334	Effective_throughput: 206440.773986	Effective_energy_per_tx: 219.968550	Pkg_power: 45.410478	Threads: 18	Elapsed time: 3.531186	Commits: 1839549	Aborts: 106798	P-state: 10	Best-threads: 18	Steps: 0	Throughput: 520943.691473
Effective_runtime: 4.473361	Effective_commits: 539496	Effective_throughput: 120601.947476	Effective_energy_per_tx: 376.083713	Pkg_power: 45.356428	Threads: 18	Elapsed time: 4.496692	Commits: 1839549	Aborts: 134297	P-state: 10	Best-threads: 18	Steps: 0	Throughput: 409089.376392
Effective_runtime: 3.695451	Effective_commits: 539496	Effective_throughput: 145989.206769	Effective_energy_per_tx: 312.243461	Pkg_power: 45.584175	Threads: 18	Elapsed time: 3.701369	Commits: 1839549	Aborts: 110324	P-state: 10	Best-threads: 18	Steps: 0	Throughput: 496991.512211
