Effective_runtime: 2.310451	Effective_commits: 849728	Effective_throughput: 367775.873617	Effective_energy_per_tx: 166.238289	Pkg_power: 61.138432	Threads: 17	Elapsed time: 2.319029	Commits: 1839540	Aborts: 108773	P-state: 3	Best-threads: 17	Steps: 0	Throughput: 793237.137783
Effective_runtime: 2.386589	Effective_commits: 509830	Effective_throughput: 213622.891115	Effective_energy_per_tx: 271.751266	Pkg_power: 58.052291	Threads: 17	Elapsed time: 2.404938	Commits: 1839540	Aborts: 98895	P-state: 3	Best-threads: 17	Steps: 0	Throughput: 764901.221296
Effective_runtime: 2.686445	Effective_commits: 679779	Effective_throughput: 253040.394832	Effective_energy_per_tx: 229.607152	Pkg_power: 58.099884	Threads: 17	Elapsed time: 2.688991	Commits: 1839540	Aborts: 110774	P-state: 3	Best-threads: 17	Steps: 0	Throughput: 684100.449668
