Effective_runtime: 3.328891	Effective_commits: 879989	Effective_throughput: 264348.961063	Effective_energy_per_tx: 161.030931	Pkg_power: 42.568359	Threads: 11	Elapsed time: 3.330559	Commits: 1839544	Aborts: 47232	P-state: 9	Best-threads: 11	Steps: 0	Throughput: 552322.895815
Effective_runtime: 3.555480	Effective_commits: 879989	Effective_throughput: 247502.136434	Effective_energy_per_tx: 176.749859	Pkg_power: 43.745968	Threads: 11	Elapsed time: 3.557150	Commits: 1839544	Aborts: 54275	P-state: 9	Best-threads: 11	Steps: 0	Throughput: 517139.861516
Effective_runtime: 3.317060	Effective_commits: 879989	Effective_throughput: 265291.839480	Effective_energy_per_tx: 162.458266	Pkg_power: 43.098852	Threads: 11	Elapsed time: 3.318714	Commits: 1839544	Aborts: 49522	P-state: 9	Best-threads: 11	Steps: 0	Throughput: 554294.239736
