Effective_runtime: 2.895211	Effective_commits: 839734	Effective_throughput: 290042.410511	Effective_energy_per_tx: 169.973086	Pkg_power: 49.299403	Threads: 14	Elapsed time: 2.896796	Commits: 1839546	Aborts: 80197	P-state: 7	Best-threads: 14	Steps: 0	Throughput: 635027.805744
Effective_runtime: 2.960720	Effective_commits: 839734	Effective_throughput: 283624.926389	Effective_energy_per_tx: 176.998186	Pkg_power: 50.201098	Threads: 14	Elapsed time: 2.965823	Commits: 1839546	Aborts: 82700	P-state: 7	Best-threads: 14	Steps: 0	Throughput: 620248.086366
Effective_runtime: 3.139008	Effective_commits: 699776	Effective_throughput: 222929.038125	Effective_energy_per_tx: 218.226185	Pkg_power: 48.648954	Threads: 14	Elapsed time: 3.141088	Commits: 1839546	Aborts: 82984	P-state: 7	Best-threads: 14	Steps: 0	Throughput: 585639.751194
