Effective_runtime: 2.958908	Effective_commits: 800060	Effective_throughput: 270390.256539	Effective_energy_per_tx: 187.054660	Pkg_power: 50.577757	Threads: 20	Elapsed time: 2.966179	Commits: 1839545	Aborts: 124084	P-state: 8	Best-threads: 20	Steps: 0	Throughput: 620173.315809
Effective_runtime: 3.465354	Effective_commits: 800060	Effective_throughput: 230873.948249	Effective_energy_per_tx: 214.549171	Pkg_power: 49.533814	Threads: 20	Elapsed time: 3.467499	Commits: 1839545	Aborts: 137243	P-state: 8	Best-threads: 20	Steps: 0	Throughput: 530510.604502
Effective_runtime: 2.998945	Effective_commits: 800060	Effective_throughput: 266780.480823	Effective_energy_per_tx: 186.322828	Pkg_power: 49.707294	Threads: 20	Elapsed time: 3.001890	Commits: 1839545	Aborts: 134272	P-state: 8	Best-threads: 20	Steps: 0	Throughput: 612795.616851
