Effective_runtime: 5.018832	Effective_commits: 1280124	Effective_throughput: 255064.113820	Effective_energy_per_tx: 146.036694	Pkg_power: 37.248720	Threads: 4	Elapsed time: 5.019634	Commits: 1839536	Aborts: 14293	P-state: 9	Best-threads: 4	Steps: 0	Throughput: 366468.152244
Effective_runtime: 5.065657	Effective_commits: 1240120	Effective_throughput: 244809.297047	Effective_energy_per_tx: 151.774731	Pkg_power: 37.155865	Threads: 4	Elapsed time: 5.066519	Commits: 1839536	Aborts: 14789	P-state: 9	Best-threads: 4	Steps: 0	Throughput: 363076.895994
Effective_runtime: 5.155323	Effective_commits: 1240120	Effective_throughput: 240551.365641	Effective_energy_per_tx: 154.497316	Pkg_power: 37.164540	Threads: 4	Elapsed time: 5.156237	Commits: 1839536	Aborts: 16763	P-state: 9	Best-threads: 4	Steps: 0	Throughput: 356759.404256
