Effective_runtime: 2.446991	Effective_commits: 600040	Effective_throughput: 245215.403724	Effective_energy_per_tx: 254.896704	Pkg_power: 62.504598	Threads: 20	Elapsed time: 2.448605	Commits: 1839545	Aborts: 128592	P-state: 2	Best-threads: 20	Steps: 0	Throughput: 751262.434934
Effective_runtime: 2.266303	Effective_commits: 800060	Effective_throughput: 353024.301800	Effective_energy_per_tx: 184.071570	Pkg_power: 64.981737	Threads: 20	Elapsed time: 2.286246	Commits: 1839545	Aborts: 124980	P-state: 2	Best-threads: 20	Steps: 0	Throughput: 804613.742641
Effective_runtime: 2.195958	Effective_commits: 600020	Effective_throughput: 273238.346196	Effective_energy_per_tx: 228.863958	Pkg_power: 62.534409	Threads: 20	Elapsed time: 2.197577	Commits: 1839545	Aborts: 118359	P-state: 2	Best-threads: 20	Steps: 0	Throughput: 837078.746402
