Effective_runtime: 2.020494	Effective_commits: 959700	Effective_throughput: 474982.747998	Effective_energy_per_tx: 140.872876	Pkg_power: 66.912186	Threads: 12	Elapsed time: 2.042824	Commits: 1839543	Aborts: 66896	P-state: 1	Best-threads: 12	Steps: 0	Throughput: 900490.190567
Effective_runtime: 2.217635	Effective_commits: 479844	Effective_throughput: 216376.450707	Effective_energy_per_tx: 312.922987	Pkg_power: 67.709165	Threads: 12	Elapsed time: 2.221013	Commits: 1839543	Aborts: 68585	P-state: 1	Best-threads: 12	Steps: 0	Throughput: 828245.013750
Effective_runtime: 2.242563	Effective_commits: 839736	Effective_throughput: 374453.762070	Effective_energy_per_tx: 179.616188	Pkg_power: 67.257957	Threads: 12	Elapsed time: 2.243510	Commits: 1839543	Aborts: 74142	P-state: 1	Best-threads: 12	Steps: 0	Throughput: 819939.734415
