Effective_runtime: 1.884255	Effective_commits: 1049678	Effective_throughput: 557078.649752	Effective_energy_per_tx: 119.722514	Pkg_power: 66.694856	Threads: 7	Elapsed time: 1.884886	Commits: 1839539	Aborts: 22993	P-state: 0	Best-threads: 7	Steps: 0	Throughput: 975941.767434
Effective_runtime: 1.881187	Effective_commits: 1049685	Effective_throughput: 557990.748675	Effective_energy_per_tx: 121.631114	Pkg_power: 67.869036	Threads: 7	Elapsed time: 1.881919	Commits: 1839539	Aborts: 25671	P-state: 0	Best-threads: 7	Steps: 0	Throughput: 977480.481755
Effective_runtime: 1.986702	Effective_commits: 1049678	Effective_throughput: 528352.036200	Effective_energy_per_tx: 128.208050	Pkg_power: 67.738985	Threads: 7	Elapsed time: 1.987483	Commits: 1839539	Aborts: 28411	P-state: 0	Best-threads: 7	Steps: 0	Throughput: 925562.119140
