Effective_runtime: 4.631824	Effective_commits: 1349994	Effective_throughput: 291460.540251	Effective_energy_per_tx: 140.316427	Pkg_power: 40.896702	Threads: 3	Elapsed time: 4.632534	Commits: 1839535	Aborts: 9117	P-state: 5	Best-threads: 3	Steps: 0	Throughput: 397090.445367
Effective_runtime: 4.643294	Effective_commits: 1349994	Effective_throughput: 290740.603361	Effective_energy_per_tx: 140.883918	Pkg_power: 40.960675	Threads: 3	Elapsed time: 4.644010	Commits: 1839535	Aborts: 9614	P-state: 5	Best-threads: 3	Steps: 0	Throughput: 396109.175791
Effective_runtime: 4.888781	Effective_commits: 1379988	Effective_throughput: 282276.480462	Effective_energy_per_tx: 144.279326	Pkg_power: 40.726660	Threads: 3	Elapsed time: 4.889491	Commits: 1839535	Aborts: 8967	P-state: 5	Best-threads: 3	Steps: 0	Throughput: 376222.181294
