Effective_runtime: 10.330487	Effective_commits: 1830000	Effective_throughput: 177145.568489	Effective_energy_per_tx: 227.508596	Pkg_power: 40.302140	Threads: 1	Elapsed time: 10.330964	Commits: 1839535	Aborts: 0	P-state: 3	Best-threads: 1	Steps: 0	Throughput: 178060.346228
Effective_runtime: 10.395359	Effective_commits: 1830000	Effective_throughput: 176040.089090	Effective_energy_per_tx: 228.166807	Pkg_power: 40.166505	Threads: 1	Elapsed time: 10.395825	Commits: 1839535	Aborts: 0	P-state: 3	Best-threads: 1	Steps: 0	Throughput: 176949.397847
Effective_runtime: 10.365189	Effective_commits: 1830000	Effective_throughput: 176552.501343	Effective_energy_per_tx: 227.158496	Pkg_power: 40.105401	Threads: 1	Elapsed time: 10.365658	Commits: 1839535	Aborts: 0	P-state: 3	Best-threads: 1	Steps: 0	Throughput: 177464.372454
