Effective_runtime: 1.845385	Effective_commits: 900080	Effective_throughput: 487746.393599	Effective_energy_per_tx: 147.774301	Pkg_power: 72.076382	Threads: 10	Elapsed time: 1.846216	Commits: 1839543	Aborts: 43935	P-state: 0	Best-threads: 10	Steps: 0	Throughput: 996385.599791
Effective_runtime: 1.836234	Effective_commits: 1000090	Effective_throughput: 544641.910567	Effective_energy_per_tx: 131.144295	Pkg_power: 71.426679	Threads: 10	Elapsed time: 1.837329	Commits: 1839543	Aborts: 43330	P-state: 0	Best-threads: 10	Steps: 0	Throughput: 1001205.058691
Effective_runtime: 1.800207	Effective_commits: 1000090	Effective_throughput: 555541.749117	Effective_energy_per_tx: 125.602754	Pkg_power: 69.777574	Threads: 10	Elapsed time: 1.800848	Commits: 1839543	Aborts: 42177	P-state: 0	Best-threads: 10	Steps: 0	Throughput: 1021487.095326
