Effective_runtime: 4.085405	Effective_commits: 569696	Effective_throughput: 139446.638564	Effective_energy_per_tx: 325.012317	Pkg_power: 45.321875	Threads: 19	Elapsed time: 4.088109	Commits: 1839550	Aborts: 129396	P-state: 10	Best-threads: 19	Steps: 0	Throughput: 449975.769387
Effective_runtime: 3.531300	Effective_commits: 759601	Effective_throughput: 215105.200588	Effective_energy_per_tx: 211.485754	Pkg_power: 45.491685	Threads: 19	Elapsed time: 3.540479	Commits: 1839550	Aborts: 110112	P-state: 10	Best-threads: 19	Steps: 0	Throughput: 519576.596470
Effective_runtime: 3.550918	Effective_commits: 759601	Effective_throughput: 213916.770058	Effective_energy_per_tx: 212.607864	Pkg_power: 45.480388	Threads: 19	Elapsed time: 3.553146	Commits: 1839550	Aborts: 117789	P-state: 10	Best-threads: 19	Steps: 0	Throughput: 517724.274730
