Effective_runtime: 4.218281	Effective_commits: 1150110	Effective_throughput: 272648.945095	Effective_energy_per_tx: 145.415672	Pkg_power: 39.647429	Threads: 5	Elapsed time: 4.219179	Commits: 1839538	Aborts: 20909	P-state: 8	Best-threads: 5	Steps: 0	Throughput: 435994.285405
Effective_runtime: 4.137541	Effective_commits: 1150105	Effective_throughput: 277968.265533	Effective_energy_per_tx: 142.610116	Pkg_power: 39.641087	Threads: 5	Elapsed time: 4.138526	Commits: 1839538	Aborts: 18957	P-state: 8	Best-threads: 5	Steps: 0	Throughput: 444491.110246
Effective_runtime: 4.179714	Effective_commits: 1150105	Effective_throughput: 275163.555594	Effective_energy_per_tx: 144.101571	Pkg_power: 39.651501	Threads: 5	Elapsed time: 4.180553	Commits: 1839538	Aborts: 19762	P-state: 8	Best-threads: 5	Steps: 0	Throughput: 440022.651990
