Effective_runtime: 3.376513	Effective_commits: 539496	Effective_throughput: 159779.018252	Effective_energy_per_tx: 333.612996	Pkg_power: 53.304357	Threads: 18	Elapsed time: 3.405464	Commits: 1839549	Aborts: 134636	P-state: 6	Best-threads: 18	Steps: 0	Throughput: 540175.702017
Effective_runtime: 2.979432	Effective_commits: 539478	Effective_throughput: 181067.384954	Effective_energy_per_tx: 302.973126	Pkg_power: 54.858552	Threads: 18	Elapsed time: 2.983063	Commits: 1839549	Aborts: 108999	P-state: 6	Best-threads: 18	Steps: 0	Throughput: 616664.485717
Effective_runtime: 2.707898	Effective_commits: 899172	Effective_throughput: 332055.373952	Effective_energy_per_tx: 162.521677	Pkg_power: 53.966196	Threads: 18	Elapsed time: 2.709984	Commits: 1839549	Aborts: 100691	P-state: 6	Best-threads: 18	Steps: 0	Throughput: 678804.360648
