Effective_runtime: 2.760081	Effective_commits: 1000090	Effective_throughput: 362340.844504	Effective_energy_per_tx: 130.142678	Pkg_power: 47.156008	Threads: 10	Elapsed time: 2.761103	Commits: 1839543	Aborts: 42823	P-state: 6	Best-threads: 10	Steps: 0	Throughput: 666234.854968
Effective_runtime: 2.700315	Effective_commits: 1000090	Effective_throughput: 370360.562596	Effective_energy_per_tx: 127.664635	Pkg_power: 47.281946	Threads: 10	Elapsed time: 2.701385	Commits: 1839543	Aborts: 40390	P-state: 6	Best-threads: 10	Steps: 0	Throughput: 680962.968222
Effective_runtime: 2.907008	Effective_commits: 900080	Effective_throughput: 309624.229797	Effective_energy_per_tx: 153.965412	Pkg_power: 47.671422	Threads: 10	Elapsed time: 2.908076	Commits: 1839543	Aborts: 44462	P-state: 6	Best-threads: 10	Steps: 0	Throughput: 632563.581455
