Effective_runtime: 3.608359	Effective_commits: 839734	Effective_throughput: 232719.115070	Effective_energy_per_tx: 186.731554	Pkg_power: 43.456002	Threads: 14	Elapsed time: 3.611016	Commits: 1839546	Aborts: 85108	P-state: 10	Best-threads: 14	Steps: 0	Throughput: 509426.151014
Effective_runtime: 4.073973	Effective_commits: 699776	Effective_throughput: 171767.472188	Effective_energy_per_tx: 239.585767	Pkg_power: 41.153042	Threads: 14	Elapsed time: 4.080447	Commits: 1839546	Aborts: 92831	P-state: 10	Best-threads: 14	Steps: 0	Throughput: 450819.730949
Effective_runtime: 3.692311	Effective_commits: 699776	Effective_throughput: 189522.484721	Effective_energy_per_tx: 227.381141	Pkg_power: 43.093839	Threads: 14	Elapsed time: 3.700727	Commits: 1839546	Aborts: 84408	P-state: 10	Best-threads: 14	Steps: 0	Throughput: 497076.927586
