Effective_runtime: 4.710497	Effective_commits: 1150110	Effective_throughput: 244158.959064	Effective_energy_per_tx: 154.183862	Pkg_power: 37.645371	Threads: 5	Elapsed time: 4.711460	Commits: 1839538	Aborts: 19392	P-state: 10	Best-threads: 5	Steps: 0	Throughput: 390439.047700
Effective_runtime: 4.826522	Effective_commits: 1150110	Effective_throughput: 238289.609457	Effective_energy_per_tx: 156.356131	Pkg_power: 37.258041	Threads: 5	Elapsed time: 4.827555	Commits: 1839538	Aborts: 20687	P-state: 10	Best-threads: 5	Steps: 0	Throughput: 381049.606181
Effective_runtime: 4.868722	Effective_commits: 1150105	Effective_throughput: 236223.158314	Effective_energy_per_tx: 163.020852	Pkg_power: 38.509301	Threads: 5	Elapsed time: 4.869741	Commits: 1839538	Aborts: 19947	P-state: 10	Best-threads: 5	Steps: 0	Throughput: 377748.634678
