Effective_runtime: 2.524287	Effective_commits: 699776	Effective_throughput: 277217.315394	Effective_energy_per_tx: 196.557583	Pkg_power: 54.489165	Threads: 14	Elapsed time: 2.525657	Commits: 1839546	Aborts: 84332	P-state: 3	Best-threads: 14	Steps: 0	Throughput: 728343.504721
Effective_runtime: 2.767750	Effective_commits: 559818	Effective_throughput: 202264.634505	Effective_energy_per_tx: 270.029544	Pkg_power: 54.617427	Threads: 14	Elapsed time: 2.768971	Commits: 1839546	Aborts: 95580	P-state: 3	Best-threads: 14	Steps: 0	Throughput: 664342.827123
Effective_runtime: 2.734953	Effective_commits: 419860	Effective_throughput: 153516.337544	Effective_energy_per_tx: 354.953139	Pkg_power: 54.491106	Threads: 14	Elapsed time: 2.736131	Commits: 1839546	Aborts: 98890	P-state: 3	Best-threads: 14	Steps: 0	Throughput: 672316.446624
