Effective_runtime: 2.173418	Effective_commits: 989991	Effective_throughput: 455499.556815	Effective_energy_per_tx: 117.292642	Pkg_power: 53.426746	Threads: 9	Elapsed time: 2.174745	Commits: 1839540	Aborts: 33196	P-state: 2	Best-threads: 9	Steps: 0	Throughput: 845864.748090
Effective_runtime: 2.422653	Effective_commits: 989991	Effective_throughput: 408639.210567	Effective_energy_per_tx: 129.822811	Pkg_power: 53.050691	Threads: 9	Elapsed time: 2.423612	Commits: 1839540	Aborts: 37624	P-state: 2	Best-threads: 9	Steps: 0	Throughput: 759007.593053
Effective_runtime: 2.324356	Effective_commits: 989991	Effective_throughput: 425920.470668	Effective_energy_per_tx: 126.282809	Pkg_power: 53.786433	Threads: 9	Elapsed time: 2.325204	Commits: 1839540	Aborts: 35670	P-state: 2	Best-threads: 9	Steps: 0	Throughput: 791130.539083
