Effective_runtime: 3.387236	Effective_commits: 839736	Effective_throughput: 247911.834727	Effective_energy_per_tx: 178.524629	Pkg_power: 44.258368	Threads: 12	Elapsed time: 3.388946	Commits: 1839543	Aborts: 69435	P-state: 8	Best-threads: 12	Steps: 0	Throughput: 542806.810555
Effective_runtime: 3.350722	Effective_commits: 839736	Effective_throughput: 250613.460573	Effective_energy_per_tx: 182.349527	Pkg_power: 45.699246	Threads: 12	Elapsed time: 3.352068	Commits: 1839543	Aborts: 68565	P-state: 8	Best-threads: 12	Steps: 0	Throughput: 548778.514646
Effective_runtime: 3.184522	Effective_commits: 839736	Effective_throughput: 263692.961264	Effective_energy_per_tx: 169.054686	Pkg_power: 44.578531	Threads: 12	Elapsed time: 3.188542	Commits: 1839543	Aborts: 63911	P-state: 8	Best-threads: 12	Steps: 0	Throughput: 576922.952223
