Effective_runtime: 5.981391	Effective_commits: 1349994	Effective_throughput: 225699.021125	Effective_energy_per_tx: 160.953130	Pkg_power: 36.326964	Threads: 3	Elapsed time: 5.982172	Commits: 1839535	Aborts: 8891	P-state: 9	Best-threads: 3	Steps: 0	Throughput: 307502.859531
Effective_runtime: 5.879181	Effective_commits: 1350000	Effective_throughput: 229623.833801	Effective_energy_per_tx: 161.904335	Pkg_power: 37.177094	Threads: 3	Elapsed time: 5.879970	Commits: 1839535	Aborts: 8985	P-state: 9	Best-threads: 3	Steps: 0	Throughput: 312847.693361
Effective_runtime: 5.948962	Effective_commits: 1349997	Effective_throughput: 226929.853420	Effective_energy_per_tx: 160.817456	Pkg_power: 36.494282	Threads: 3	Elapsed time: 5.949877	Commits: 1839535	Aborts: 9008	P-state: 9	Best-threads: 3	Steps: 0	Throughput: 309171.936273
