Effective_runtime: 4.273773	Effective_commits: 779831	Effective_throughput: 182468.964615	Effective_energy_per_tx: 226.107449	Pkg_power: 41.257592	Threads: 13	Elapsed time: 4.275501	Commits: 1839545	Aborts: 75434	P-state: 11	Best-threads: 13	Steps: 0	Throughput: 430252.500114
Effective_runtime: 4.792767	Effective_commits: 779831	Effective_throughput: 162709.986396	Effective_energy_per_tx: 253.571951	Pkg_power: 41.258689	Threads: 13	Elapsed time: 4.794741	Commits: 1839545	Aborts: 92416	P-state: 11	Best-threads: 13	Steps: 0	Throughput: 383658.894713
Effective_runtime: 4.045461	Effective_commits: 779831	Effective_throughput: 192766.922219	Effective_energy_per_tx: 210.212838	Pkg_power: 40.522082	Threads: 13	Elapsed time: 4.048386	Commits: 1839545	Aborts: 76137	P-state: 11	Best-threads: 13	Steps: 0	Throughput: 454389.713813
