Effective_runtime: 2.745690	Effective_commits: 899172	Effective_throughput: 327484.951281	Effective_energy_per_tx: 162.854216	Pkg_power: 53.332305	Threads: 18	Elapsed time: 2.747489	Commits: 1839549	Aborts: 105176	P-state: 7	Best-threads: 18	Steps: 0	Throughput: 669538.264352
Effective_runtime: 3.124534	Effective_commits: 719334	Effective_throughput: 230221.238733	Effective_energy_per_tx: 222.632479	Pkg_power: 51.254725	Threads: 18	Elapsed time: 3.128721	Commits: 1839549	Aborts: 108549	P-state: 7	Best-threads: 18	Steps: 0	Throughput: 587955.589753
Effective_runtime: 2.808100	Effective_commits: 899172	Effective_throughput: 320206.490161	Effective_energy_per_tx: 162.628924	Pkg_power: 52.074837	Threads: 18	Elapsed time: 2.810830	Commits: 1839549	Aborts: 102230	P-state: 7	Best-threads: 18	Steps: 0	Throughput: 654450.437738
