Effective_runtime: 3.491102	Effective_commits: 779831	Effective_throughput: 223376.773443	Effective_energy_per_tx: 205.057318	Pkg_power: 45.805042	Threads: 13	Elapsed time: 3.496296	Commits: 1839545	Aborts: 83348	P-state: 8	Best-threads: 13	Steps: 0	Throughput: 526141.104008
Effective_runtime: 3.186718	Effective_commits: 909805	Effective_throughput: 285499.096626	Effective_energy_per_tx: 163.074857	Pkg_power: 46.557724	Threads: 13	Elapsed time: 3.188333	Commits: 1839545	Aborts: 76104	P-state: 8	Best-threads: 13	Steps: 0	Throughput: 576961.371377
Effective_runtime: 3.212201	Effective_commits: 909805	Effective_throughput: 283234.105284	Effective_energy_per_tx: 161.623186	Pkg_power: 45.777199	Threads: 13	Elapsed time: 3.213909	Commits: 1839545	Aborts: 74399	P-state: 8	Best-threads: 13	Steps: 0	Throughput: 572369.986544
