Effective_runtime: 2.823627	Effective_commits: 599445	Effective_throughput: 212296.134075	Effective_energy_per_tx: 255.439688	Pkg_power: 54.228858	Threads: 15	Elapsed time: 2.830707	Commits: 1839543	Aborts: 101933	P-state: 4	Best-threads: 15	Steps: 0	Throughput: 649852.829142
Effective_runtime: 2.697116	Effective_commits: 899175	Effective_throughput: 333383.928495	Effective_energy_per_tx: 161.168308	Pkg_power: 53.730924	Threads: 15	Elapsed time: 2.698567	Commits: 1839543	Aborts: 93995	P-state: 4	Best-threads: 15	Steps: 0	Throughput: 681673.975992
Effective_runtime: 2.587703	Effective_commits: 449580	Effective_throughput: 173737.090557	Effective_energy_per_tx: 310.654818	Pkg_power: 53.972264	Threads: 15	Elapsed time: 2.593640	Commits: 1839543	Aborts: 87729	P-state: 4	Best-threads: 15	Steps: 0	Throughput: 709251.452342
