Effective_runtime: 3.072846	Effective_commits: 1079670	Effective_throughput: 351358.272630	Effective_energy_per_tx: 134.365867	Pkg_power: 47.210559	Threads: 6	Elapsed time: 3.073614	Commits: 1839538	Aborts: 25354	P-state: 4	Best-threads: 6	Steps: 0	Throughput: 598493.476374
Effective_runtime: 3.002314	Effective_commits: 1079676	Effective_throughput: 359614.588272	Effective_energy_per_tx: 130.077482	Pkg_power: 46.777760	Threads: 6	Elapsed time: 3.003099	Commits: 1839538	Aborts: 24041	P-state: 4	Best-threads: 6	Steps: 0	Throughput: 612546.579926
Effective_runtime: 3.060324	Effective_commits: 1079670	Effective_throughput: 352796.035414	Effective_energy_per_tx: 131.788329	Pkg_power: 46.494400	Threads: 6	Elapsed time: 3.061187	Commits: 1839538	Aborts: 25862	P-state: 4	Best-threads: 6	Steps: 0	Throughput: 600923.100301
