Effective_runtime: 2.610057	Effective_commits: 539496	Effective_throughput: 206698.912858	Effective_energy_per_tx: 283.766773	Pkg_power: 58.654283	Threads: 18	Elapsed time: 2.636731	Commits: 1839549	Aborts: 110346	P-state: 3	Best-threads: 18	Steps: 0	Throughput: 697662.710724
Effective_runtime: 2.709467	Effective_commits: 539496	Effective_throughput: 199115.155289	Effective_energy_per_tx: 297.602077	Pkg_power: 59.257084	Threads: 18	Elapsed time: 2.714441	Commits: 1839549	Aborts: 126091	P-state: 3	Best-threads: 18	Steps: 0	Throughput: 677689.792722
Effective_runtime: 2.419853	Effective_commits: 359658	Effective_throughput: 148628.015675	Effective_energy_per_tx: 401.275198	Pkg_power: 59.640736	Threads: 18	Elapsed time: 2.442085	Commits: 1839549	Aborts: 108307	P-state: 3	Best-threads: 18	Steps: 0	Throughput: 753269.840787
