Effective_runtime: 3.774865	Effective_commits: 900080	Effective_throughput: 238440.301756	Effective_energy_per_tx: 173.009284	Pkg_power: 41.252386	Threads: 10	Elapsed time: 3.776066	Commits: 1839543	Aborts: 47759	P-state: 10	Best-threads: 10	Steps: 0	Throughput: 487158.615491
Effective_runtime: 3.527700	Effective_commits: 1000090	Effective_throughput: 283496.363207	Effective_energy_per_tx: 143.062381	Pkg_power: 40.557665	Threads: 10	Elapsed time: 3.528860	Commits: 1839543	Aborts: 40983	P-state: 10	Best-threads: 10	Steps: 0	Throughput: 521285.330661
Effective_runtime: 4.269823	Effective_commits: 900080	Effective_throughput: 210800.293602	Effective_energy_per_tx: 194.450058	Pkg_power: 40.990129	Threads: 10	Elapsed time: 4.271024	Commits: 1839543	Aborts: 57030	P-state: 10	Best-threads: 10	Steps: 0	Throughput: 430703.036287
