Effective_runtime: 2.415176	Effective_commits: 800064	Effective_throughput: 331265.303756	Effective_energy_per_tx: 183.586911	Pkg_power: 60.815974	Threads: 16	Elapsed time: 2.423592	Commits: 1839540	Aborts: 104884	P-state: 2	Best-threads: 16	Steps: 0	Throughput: 759013.865052
Effective_runtime: 2.386996	Effective_commits: 480032	Effective_throughput: 201102.998535	Effective_energy_per_tx: 291.554548	Pkg_power: 58.632494	Threads: 16	Elapsed time: 2.411746	Commits: 1839540	Aborts: 100207	P-state: 2	Best-threads: 16	Steps: 0	Throughput: 762742.005529
Effective_runtime: 2.361860	Effective_commits: 800064	Effective_throughput: 338743.229349	Effective_energy_per_tx: 179.393758	Pkg_power: 60.768421	Threads: 16	Elapsed time: 2.365824	Commits: 1839540	Aborts: 100198	P-state: 2	Best-threads: 16	Steps: 0	Throughput: 777547.278380
