Effective_runtime: 3.568962	Effective_commits: 1240124	Effective_throughput: 347474.726603	Effective_energy_per_tx: 131.427009	Pkg_power: 45.667564	Threads: 4	Elapsed time: 3.569640	Commits: 1839536	Aborts: 13878	P-state: 3	Best-threads: 4	Steps: 0	Throughput: 515328.167718
Effective_runtime: 3.461990	Effective_commits: 1280124	Effective_throughput: 369765.405254	Effective_energy_per_tx: 121.022254	Pkg_power: 44.749843	Threads: 4	Elapsed time: 3.462583	Commits: 1839536	Aborts: 13331	P-state: 3	Best-threads: 4	Steps: 0	Throughput: 531261.226695
Effective_runtime: 3.524170	Effective_commits: 1280124	Effective_throughput: 363241.322585	Effective_energy_per_tx: 123.949888	Pkg_power: 45.023721	Threads: 4	Elapsed time: 3.524839	Commits: 1839536	Aborts: 15313	P-state: 3	Best-threads: 4	Steps: 0	Throughput: 521877.996420
