Effective_runtime: 3.142434	Effective_commits: 1049678	Effective_throughput: 334033.430355	Effective_energy_per_tx: 135.535311	Pkg_power: 45.273325	Threads: 7	Elapsed time: 3.143391	Commits: 1839539	Aborts: 25798	P-state: 6	Best-threads: 7	Steps: 0	Throughput: 585208.433359
Effective_runtime: 2.955026	Effective_commits: 1119657	Effective_throughput: 378899.205938	Effective_energy_per_tx: 119.645895	Pkg_power: 45.333735	Threads: 7	Elapsed time: 2.955880	Commits: 1839539	Aborts: 24885	P-state: 6	Best-threads: 7	Steps: 0	Throughput: 622332.112815
Effective_runtime: 2.978960	Effective_commits: 1049671	Effective_throughput: 352361.561005	Effective_energy_per_tx: 127.531787	Pkg_power: 44.937299	Threads: 7	Elapsed time: 2.979958	Commits: 1839539	Aborts: 23839	P-state: 6	Best-threads: 7	Steps: 0	Throughput: 617303.654805
