Effective_runtime: 2.911865	Effective_commits: 1049678	Effective_throughput: 360483.015275	Effective_energy_per_tx: 130.332488	Pkg_power: 46.982648	Threads: 7	Elapsed time: 2.912624	Commits: 1839539	Aborts: 27653	P-state: 5	Best-threads: 7	Steps: 0	Throughput: 631574.509563
Effective_runtime: 2.778658	Effective_commits: 1049678	Effective_throughput: 377764.356215	Effective_energy_per_tx: 121.818458	Pkg_power: 46.018671	Threads: 7	Elapsed time: 2.779378	Commits: 1839539	Aborts: 22923	P-state: 5	Best-threads: 7	Steps: 0	Throughput: 661852.774789
Effective_runtime: 2.971333	Effective_commits: 1049678	Effective_throughput: 353268.437206	Effective_energy_per_tx: 132.541353	Pkg_power: 46.822677	Threads: 7	Elapsed time: 2.972132	Commits: 1839539	Aborts: 26631	P-state: 5	Best-threads: 7	Steps: 0	Throughput: 618929.112195
