Effective_runtime: 2.594315	Effective_commits: 759601	Effective_throughput: 292794.416752	Effective_energy_per_tx: 196.722392	Pkg_power: 57.599218	Threads: 19	Elapsed time: 2.602327	Commits: 1839550	Aborts: 113409	P-state: 5	Best-threads: 19	Steps: 0	Throughput: 706886.537851
Effective_runtime: 2.706761	Effective_commits: 949506	Effective_throughput: 350790.485866	Effective_energy_per_tx: 155.198586	Pkg_power: 54.442188	Threads: 19	Elapsed time: 2.709355	Commits: 1839550	Aborts: 122037	P-state: 5	Best-threads: 19	Steps: 0	Throughput: 678962.366760
Effective_runtime: 2.672310	Effective_commits: 759601	Effective_throughput: 284248.851595	Effective_energy_per_tx: 195.120666	Pkg_power: 55.462825	Threads: 19	Elapsed time: 2.674029	Commits: 1839550	Aborts: 112718	P-state: 5	Best-threads: 19	Steps: 0	Throughput: 687931.988420
