Effective_runtime: 2.783829	Effective_commits: 1040096	Effective_throughput: 373620.620305	Effective_energy_per_tx: 128.461712	Pkg_power: 47.995945	Threads: 8	Elapsed time: 2.784579	Commits: 1839540	Aborts: 31494	P-state: 5	Best-threads: 8	Steps: 0	Throughput: 660616.909948
Effective_runtime: 2.724008	Effective_commits: 1040096	Effective_throughput: 381825.651554	Effective_energy_per_tx: 125.396394	Pkg_power: 47.879560	Threads: 8	Elapsed time: 2.724906	Commits: 1839540	Aborts: 28874	P-state: 5	Best-threads: 8	Steps: 0	Throughput: 675083.845754
Effective_runtime: 2.801493	Effective_commits: 1040096	Effective_throughput: 371264.840256	Effective_energy_per_tx: 128.372515	Pkg_power: 47.660201	Threads: 8	Elapsed time: 2.802401	Commits: 1839540	Aborts: 29856	P-state: 5	Best-threads: 8	Steps: 0	Throughput: 656415.679551
