Effective_runtime: 2.590317	Effective_commits: 839736	Effective_throughput: 324182.753907	Effective_energy_per_tx: 161.598373	Pkg_power: 52.387405	Threads: 12	Elapsed time: 2.591757	Commits: 1839543	Aborts: 64825	P-state: 5	Best-threads: 12	Steps: 0	Throughput: 709766.755932
Effective_runtime: 2.810433	Effective_commits: 719772	Effective_throughput: 256107.171695	Effective_energy_per_tx: 194.764937	Pkg_power: 49.880697	Threads: 12	Elapsed time: 2.813709	Commits: 1839543	Aborts: 63762	P-state: 5	Best-threads: 12	Steps: 0	Throughput: 653778.746272
Effective_runtime: 2.734852	Effective_commits: 839736	Effective_throughput: 307049.878012	Effective_energy_per_tx: 165.502569	Pkg_power: 50.817544	Threads: 12	Elapsed time: 2.736547	Commits: 1839543	Aborts: 66068	P-state: 5	Best-threads: 12	Steps: 0	Throughput: 672213.195876
