Effective_runtime: 5.916842	Effective_commits: 1520152	Effective_throughput: 256919.489867	Effective_energy_per_tx: 158.352402	Pkg_power: 40.683818	Threads: 2	Elapsed time: 5.917435	Commits: 1839536	Aborts: 4571	P-state: 4	Best-threads: 2	Steps: 0	Throughput: 310867.127651
Effective_runtime: 6.066620	Effective_commits: 1520148	Effective_throughput: 250575.779525	Effective_energy_per_tx: 162.100404	Pkg_power: 40.618435	Threads: 2	Elapsed time: 6.067115	Commits: 1839536	Aborts: 4471	P-state: 4	Best-threads: 2	Steps: 0	Throughput: 303197.809709
Effective_runtime: 5.859211	Effective_commits: 1500150	Effective_throughput: 256032.752465	Effective_energy_per_tx: 160.825018	Pkg_power: 41.176472	Threads: 2	Elapsed time: 5.859856	Commits: 1839536	Aborts: 4995	P-state: 4	Best-threads: 2	Steps: 0	Throughput: 313921.700397
