Effective_runtime: 2.736761	Effective_commits: 989991	Effective_throughput: 361738.160824	Effective_energy_per_tx: 131.369661	Pkg_power: 47.521420	Threads: 9	Elapsed time: 2.738107	Commits: 1839540	Aborts: 33856	P-state: 6	Best-threads: 9	Steps: 0	Throughput: 671829.122394
Effective_runtime: 2.995381	Effective_commits: 989991	Effective_throughput: 330505.915984	Effective_energy_per_tx: 140.645955	Pkg_power: 46.484320	Threads: 9	Elapsed time: 2.996453	Commits: 1839540	Aborts: 42565	P-state: 6	Best-threads: 9	Steps: 0	Throughput: 613905.831752
Effective_runtime: 2.825439	Effective_commits: 989991	Effective_throughput: 350384.796967	Effective_energy_per_tx: 132.267007	Pkg_power: 46.344349	Threads: 9	Elapsed time: 2.826430	Commits: 1839540	Aborts: 36214	P-state: 6	Best-threads: 9	Steps: 0	Throughput: 650835.133516
