Effective_runtime: 5.387992	Effective_commits: 1500148	Effective_throughput: 278424.333256	Effective_energy_per_tx: 154.075346	Pkg_power: 42.898325	Threads: 2	Elapsed time: 5.388472	Commits: 1839536	Aborts: 4847	P-state: 2	Best-threads: 2	Steps: 0	Throughput: 341383.600511
Effective_runtime: 5.416591	Effective_commits: 1520148	Effective_throughput: 280646.620131	Effective_energy_per_tx: 153.140857	Pkg_power: 42.978464	Threads: 2	Elapsed time: 5.417130	Commits: 1839536	Aborts: 4474	P-state: 2	Best-threads: 2	Steps: 0	Throughput: 339577.599620
Effective_runtime: 5.405224	Effective_commits: 1520150	Effective_throughput: 281237.171358	Effective_energy_per_tx: 152.502542	Pkg_power: 42.889383	Threads: 2	Elapsed time: 5.405808	Commits: 1839536	Aborts: 4597	P-state: 2	Best-threads: 2	Steps: 0	Throughput: 340288.817054
