Effective_runtime: 2.290860	Effective_commits: 1000090	Effective_throughput: 436556.574529	Effective_energy_per_tx: 124.188883	Pkg_power: 54.215473	Threads: 10	Elapsed time: 2.291655	Commits: 1839543	Aborts: 46217	P-state: 2	Best-threads: 10	Steps: 0	Throughput: 802713.736982
Effective_runtime: 2.207840	Effective_commits: 1000090	Effective_throughput: 452972.083550	Effective_energy_per_tx: 119.935066	Pkg_power: 54.327237	Threads: 10	Elapsed time: 2.208743	Commits: 1839543	Aborts: 44389	P-state: 2	Best-threads: 10	Steps: 0	Throughput: 832846.156893
Effective_runtime: 2.349532	Effective_commits: 1000090	Effective_throughput: 425654.982227	Effective_energy_per_tx: 127.553929	Pkg_power: 54.293965	Threads: 10	Elapsed time: 2.350306	Commits: 1839543	Aborts: 42308	P-state: 2	Best-threads: 10	Steps: 0	Throughput: 782682.328735
