Effective_runtime: 2.388458	Effective_commits: 989991	Effective_throughput: 414489.573709	Effective_energy_per_tx: 121.398793	Pkg_power: 50.318534	Threads: 9	Elapsed time: 2.389374	Commits: 1839540	Aborts: 35999	P-state: 3	Best-threads: 9	Steps: 0	Throughput: 769883.654196
Effective_runtime: 2.500153	Effective_commits: 989982	Effective_throughput: 395968.530614	Effective_energy_per_tx: 128.577929	Pkg_power: 50.912813	Threads: 9	Elapsed time: 2.501005	Commits: 1839540	Aborts: 36455	P-state: 3	Best-threads: 9	Steps: 0	Throughput: 735520.340150
Effective_runtime: 2.383161	Effective_commits: 989991	Effective_throughput: 415410.818691	Effective_energy_per_tx: 122.327644	Pkg_power: 50.816227	Threads: 9	Elapsed time: 2.384051	Commits: 1839540	Aborts: 33069	P-state: 3	Best-threads: 9	Steps: 0	Throughput: 771602.593563
