Effective_runtime: 3.564189	Effective_commits: 839736	Effective_throughput: 235603.677266	Effective_energy_per_tx: 186.147533	Pkg_power: 43.857043	Threads: 12	Elapsed time: 3.568372	Commits: 1839543	Aborts: 67894	P-state: 9	Best-threads: 12	Steps: 0	Throughput: 515513.235233
Effective_runtime: 3.380801	Effective_commits: 839736	Effective_throughput: 248383.773486	Effective_energy_per_tx: 175.600714	Pkg_power: 43.616368	Threads: 12	Elapsed time: 3.382176	Commits: 1839543	Aborts: 64882	P-state: 9	Best-threads: 12	Steps: 0	Throughput: 543893.313812
Effective_runtime: 3.474462	Effective_commits: 959700	Effective_throughput: 276215.416043	Effective_energy_per_tx: 156.162153	Pkg_power: 43.134394	Threads: 12	Elapsed time: 3.480837	Commits: 1839543	Aborts: 67070	P-state: 9	Best-threads: 12	Steps: 0	Throughput: 528477.186266
