Effective_runtime: 2.135577	Effective_commits: 559818	Effective_throughput: 262138.931843	Effective_energy_per_tx: 264.375538	Pkg_power: 69.303121	Threads: 14	Elapsed time: 2.144870	Commits: 1839546	Aborts: 81172	P-state: 1	Best-threads: 14	Steps: 0	Throughput: 857649.164421
Effective_runtime: 1.963173	Effective_commits: 839734	Effective_throughput: 427743.254262	Effective_energy_per_tx: 162.309168	Pkg_power: 69.426652	Threads: 14	Elapsed time: 1.976614	Commits: 1839546	Aborts: 81198	P-state: 1	Best-threads: 14	Steps: 0	Throughput: 930655.151424
Effective_runtime: 2.353502	Effective_commits: 699776	Effective_throughput: 297333.919214	Effective_energy_per_tx: 226.110247	Pkg_power: 67.230246	Threads: 14	Elapsed time: 2.354701	Commits: 1839546	Aborts: 94791	P-state: 1	Best-threads: 14	Steps: 0	Throughput: 781222.819080
