Effective_runtime: 15.036215	Effective_commits: 1830000	Effective_throughput: 121706.159140	Effective_energy_per_tx: 279.350458	Pkg_power: 33.998671	Threads: 1	Elapsed time: 15.036825	Commits: 1839535	Aborts: 0	P-state: 10	Best-threads: 1	Steps: 0	Throughput: 122335.333898
Effective_runtime: 15.208312	Effective_commits: 1830000	Effective_throughput: 120328.934608	Effective_energy_per_tx: 284.705628	Pkg_power: 34.258325	Threads: 1	Elapsed time: 15.208856	Commits: 1839535	Aborts: 0	P-state: 10	Best-threads: 1	Steps: 0	Throughput: 120951.568428
Effective_runtime: 15.479475	Effective_commits: 1830000	Effective_throughput: 118221.065685	Effective_energy_per_tx: 287.605291	Pkg_power: 34.001004	Threads: 1	Elapsed time: 15.480084	Commits: 1839535	Aborts: 0	P-state: 10	Best-threads: 1	Steps: 0	Throughput: 118832.364121
