Effective_runtime: 2.891503	Effective_commits: 899172	Effective_throughput: 310970.405379	Effective_energy_per_tx: 161.786342	Pkg_power: 50.310764	Threads: 18	Elapsed time: 2.897422	Commits: 1839549	Aborts: 101813	P-state: 8	Best-threads: 18	Steps: 0	Throughput: 634891.673902
Effective_runtime: 2.935027	Effective_commits: 899172	Effective_throughput: 306359.016664	Effective_energy_per_tx: 161.316007	Pkg_power: 49.420613	Threads: 18	Elapsed time: 2.941457	Commits: 1839549	Aborts: 100693	P-state: 8	Best-threads: 18	Steps: 0	Throughput: 625387.003537
Effective_runtime: 3.853107	Effective_commits: 359658	Effective_throughput: 93342.323978	Effective_energy_per_tx: 504.249718	Pkg_power: 47.067841	Threads: 18	Elapsed time: 3.857180	Commits: 1839549	Aborts: 145733	P-state: 8	Best-threads: 18	Steps: 0	Throughput: 476915.533411
