Effective_runtime: 11.540396	Effective_commits: 1830000	Effective_throughput: 158573.416603	Effective_energy_per_tx: 238.018690	Pkg_power: 37.743437	Threads: 1	Elapsed time: 11.540904	Commits: 1839535	Aborts: 0	P-state: 5	Best-threads: 1	Steps: 0	Throughput: 159392.625813
Effective_runtime: 11.558151	Effective_commits: 1830000	Effective_throughput: 158329.824495	Effective_energy_per_tx: 238.193923	Pkg_power: 37.713202	Threads: 1	Elapsed time: 11.558631	Commits: 1839535	Aborts: 0	P-state: 5	Best-threads: 1	Steps: 0	Throughput: 159148.173259
Effective_runtime: 11.483249	Effective_commits: 1830000	Effective_throughput: 159362.564067	Effective_energy_per_tx: 236.002267	Pkg_power: 37.609926	Threads: 1	Elapsed time: 11.483740	Commits: 1839535	Aborts: 0	P-state: 5	Best-threads: 1	Steps: 0	Throughput: 160186.053095
