Effective_runtime: 2.136743	Effective_commits: 989982	Effective_throughput: 463313.637357	Effective_energy_per_tx: 138.371635	Pkg_power: 64.109466	Threads: 9	Elapsed time: 2.137470	Commits: 1839540	Aborts: 38489	P-state: 1	Best-threads: 9	Steps: 0	Throughput: 860615.584792
Effective_runtime: 2.050571	Effective_commits: 989991	Effective_throughput: 482787.898048	Effective_energy_per_tx: 130.199135	Pkg_power: 62.858567	Threads: 9	Elapsed time: 2.051569	Commits: 1839540	Aborts: 37475	P-state: 1	Best-threads: 9	Steps: 0	Throughput: 896650.326391
Effective_runtime: 2.081248	Effective_commits: 989991	Effective_throughput: 475671.821481	Effective_energy_per_tx: 134.235990	Pkg_power: 63.852278	Threads: 9	Elapsed time: 2.082053	Commits: 1839540	Aborts: 35333	P-state: 1	Best-threads: 9	Steps: 0	Throughput: 883522.200266
