Effective_runtime: 4.225332	Effective_commits: 569696	Effective_throughput: 134828.691161	Effective_energy_per_tx: 325.905725	Pkg_power: 43.941442	Threads: 19	Elapsed time: 4.227706	Commits: 1839550	Aborts: 139291	P-state: 11	Best-threads: 19	Steps: 0	Throughput: 435117.748401
Effective_runtime: 3.982280	Effective_commits: 569696	Effective_throughput: 143057.738162	Effective_energy_per_tx: 303.469180	Pkg_power: 43.413615	Threads: 19	Elapsed time: 4.000128	Commits: 1839550	Aborts: 120749	P-state: 11	Best-threads: 19	Steps: 0	Throughput: 459872.780533
Effective_runtime: 4.040321	Effective_commits: 759601	Effective_throughput: 188005.128366	Effective_energy_per_tx: 233.115308	Pkg_power: 43.826873	Threads: 19	Elapsed time: 4.043638	Commits: 1839550	Aborts: 121908	P-state: 11	Best-threads: 19	Steps: 0	Throughput: 454924.502173
