Effective_runtime: 3.024289	Effective_commits: 480032	Effective_throughput: 158725.590110	Effective_energy_per_tx: 335.302284	Pkg_power: 53.221053	Threads: 16	Elapsed time: 3.031378	Commits: 1839540	Aborts: 111130	P-state: 5	Best-threads: 16	Steps: 0	Throughput: 606832.925925
Effective_runtime: 2.639347	Effective_commits: 800064	Effective_throughput: 303129.516273	Effective_energy_per_tx: 179.189309	Pkg_power: 54.317568	Threads: 16	Elapsed time: 2.641215	Commits: 1839540	Aborts: 104240	P-state: 5	Best-threads: 16	Steps: 0	Throughput: 696474.895120
Effective_runtime: 2.609115	Effective_commits: 800064	Effective_throughput: 306641.926940	Effective_energy_per_tx: 179.387579	Pkg_power: 55.007753	Threads: 16	Elapsed time: 2.610921	Commits: 1839540	Aborts: 101704	P-state: 5	Best-threads: 16	Steps: 0	Throughput: 704556.003870
