Effective_runtime: 4.420111	Effective_commits: 1349997	Effective_throughput: 305421.548945	Effective_energy_per_tx: 140.234599	Pkg_power: 42.830668	Threads: 3	Elapsed time: 4.420701	Commits: 1839535	Aborts: 9290	P-state: 4	Best-threads: 3	Steps: 0	Throughput: 416118.391359
Effective_runtime: 4.445677	Effective_commits: 1379994	Effective_throughput: 310412.570770	Effective_energy_per_tx: 137.987511	Pkg_power: 42.833058	Threads: 3	Elapsed time: 4.446322	Commits: 1839535	Aborts: 9065	P-state: 4	Best-threads: 3	Steps: 0	Throughput: 413720.602058
Effective_runtime: 4.558895	Effective_commits: 1349997	Effective_throughput: 296123.722709	Effective_energy_per_tx: 143.243586	Pkg_power: 42.417824	Threads: 3	Elapsed time: 4.559464	Commits: 1839535	Aborts: 9101	P-state: 4	Best-threads: 3	Steps: 0	Throughput: 403454.202678
