Effective_runtime: 2.151091	Effective_commits: 779831	Effective_throughput: 362528.202363	Effective_energy_per_tx: 187.375480	Pkg_power: 67.928896	Threads: 13	Elapsed time: 2.152234	Commits: 1839545	Aborts: 82430	P-state: 1	Best-threads: 13	Steps: 0	Throughput: 854714.187119
Effective_runtime: 2.211844	Effective_commits: 519883	Effective_throughput: 235045.050095	Effective_energy_per_tx: 277.183332	Pkg_power: 65.150570	Threads: 13	Elapsed time: 2.214975	Commits: 1839545	Aborts: 83050	P-state: 1	Best-threads: 13	Steps: 0	Throughput: 830503.775202
Effective_runtime: 2.151065	Effective_commits: 779831	Effective_throughput: 362532.481954	Effective_energy_per_tx: 184.954839	Pkg_power: 67.052137	Threads: 13	Elapsed time: 2.153138	Commits: 1839545	Aborts: 78820	P-state: 1	Best-threads: 13	Steps: 0	Throughput: 854355.394961
