Effective_runtime: 3.259542	Effective_commits: 849728	Effective_throughput: 260689.388555	Effective_energy_per_tx: 193.530890	Pkg_power: 50.451449	Threads: 17	Elapsed time: 3.271978	Commits: 1839540	Aborts: 116306	P-state: 7	Best-threads: 17	Steps: 0	Throughput: 562210.398542
Effective_runtime: 3.019115	Effective_commits: 849728	Effective_throughput: 281449.370629	Effective_energy_per_tx: 187.498701	Pkg_power: 52.771391	Threads: 17	Elapsed time: 3.023955	Commits: 1839540	Aborts: 106376	P-state: 7	Best-threads: 17	Steps: 0	Throughput: 608322.523011
Effective_runtime: 2.982296	Effective_commits: 849728	Effective_throughput: 284924.062635	Effective_energy_per_tx: 181.644792	Pkg_power: 51.754972	Threads: 17	Elapsed time: 2.985411	Commits: 1839540	Aborts: 112212	P-state: 7	Best-threads: 17	Steps: 0	Throughput: 616176.431657
