Effective_runtime: 3.449959	Effective_commits: 1000090	Effective_throughput: 289884.566698	Effective_energy_per_tx: 146.055879	Pkg_power: 42.339345	Threads: 10	Elapsed time: 3.451413	Commits: 1839543	Aborts: 43298	P-state: 9	Best-threads: 10	Steps: 0	Throughput: 532982.591383
Effective_runtime: 3.544342	Effective_commits: 1000090	Effective_throughput: 282165.203328	Effective_energy_per_tx: 149.780937	Pkg_power: 42.262968	Threads: 10	Elapsed time: 3.545463	Commits: 1839543	Aborts: 49346	P-state: 9	Best-threads: 10	Steps: 0	Throughput: 518844.246720
Effective_runtime: 3.423173	Effective_commits: 1000090	Effective_throughput: 292152.939492	Effective_energy_per_tx: 144.494560	Pkg_power: 42.214511	Threads: 10	Elapsed time: 3.424316	Commits: 1839543	Aborts: 43830	P-state: 9	Best-threads: 10	Steps: 0	Throughput: 537200.140968
