Effective_runtime: 2.621972	Effective_commits: 989991	Effective_throughput: 377574.923632	Effective_energy_per_tx: 131.288650	Pkg_power: 49.571302	Threads: 9	Elapsed time: 2.623330	Commits: 1839540	Aborts: 37804	P-state: 4	Best-threads: 9	Steps: 0	Throughput: 701223.223333
Effective_runtime: 2.604885	Effective_commits: 989991	Effective_throughput: 380051.661222	Effective_energy_per_tx: 129.206413	Pkg_power: 49.105112	Threads: 9	Elapsed time: 2.605889	Commits: 1839540	Aborts: 36885	P-state: 4	Best-threads: 9	Steps: 0	Throughput: 705916.526164
Effective_runtime: 2.485033	Effective_commits: 989991	Effective_throughput: 398381.371591	Effective_energy_per_tx: 124.754947	Pkg_power: 49.700047	Threads: 9	Elapsed time: 2.485803	Commits: 1839540	Aborts: 34750	P-state: 4	Best-threads: 9	Steps: 0	Throughput: 740018.378690
