Effective_runtime: 7.764909	Effective_commits: 1520152	Effective_throughput: 195772.034180	Effective_energy_per_tx: 181.757867	Pkg_power: 35.583107	Threads: 2	Elapsed time: 7.765624	Commits: 1839536	Aborts: 4543	P-state: 9	Best-threads: 2	Steps: 0	Throughput: 236881.928487
Effective_runtime: 7.879250	Effective_commits: 1520152	Effective_throughput: 192931.045467	Effective_energy_per_tx: 185.676926	Pkg_power: 35.822844	Threads: 2	Elapsed time: 7.880034	Commits: 1839536	Aborts: 4755	P-state: 9	Best-threads: 2	Steps: 0	Throughput: 233442.648475
Effective_runtime: 7.871238	Effective_commits: 1520148	Effective_throughput: 193126.932734	Effective_energy_per_tx: 184.403353	Pkg_power: 35.613254	Threads: 2	Elapsed time: 7.871999	Commits: 1839536	Aborts: 4854	P-state: 9	Best-threads: 2	Steps: 0	Throughput: 233680.923242
