Effective_runtime: 2.644581	Effective_commits: 599445	Effective_throughput: 226669.149348	Effective_energy_per_tx: 243.065706	Pkg_power: 55.095497	Threads: 15	Elapsed time: 2.648798	Commits: 1839543	Aborts: 99511	P-state: 2	Best-threads: 15	Steps: 0	Throughput: 694482.179356
Effective_runtime: 2.296606	Effective_commits: 899175	Effective_throughput: 391523.434200	Effective_energy_per_tx: 152.742637	Pkg_power: 59.802322	Threads: 15	Elapsed time: 2.298035	Commits: 1839543	Aborts: 93840	P-state: 2	Best-threads: 15	Steps: 0	Throughput: 800485.229744
Effective_runtime: 2.317175	Effective_commits: 899175	Effective_throughput: 388047.972439	Effective_energy_per_tx: 148.120968	Pkg_power: 57.478041	Threads: 15	Elapsed time: 2.319161	Commits: 1839543	Aborts: 91108	P-state: 2	Best-threads: 15	Steps: 0	Throughput: 793193.335421
