Effective_runtime: 2.796366	Effective_commits: 559804	Effective_throughput: 200189.837114	Effective_energy_per_tx: 283.475675	Pkg_power: 56.748949	Threads: 14	Elapsed time: 2.797760	Commits: 1839546	Aborts: 102157	P-state: 2	Best-threads: 14	Steps: 0	Throughput: 657506.717366
Effective_runtime: 2.442039	Effective_commits: 699776	Effective_throughput: 286553.944242	Effective_energy_per_tx: 200.587182	Pkg_power: 57.479048	Threads: 14	Elapsed time: 2.451020	Commits: 1839546	Aborts: 86238	P-state: 2	Best-threads: 14	Steps: 0	Throughput: 750522.638830
Effective_runtime: 2.623115	Effective_commits: 419860	Effective_throughput: 160061.611758	Effective_energy_per_tx: 349.590587	Pkg_power: 55.956033	Threads: 14	Elapsed time: 2.624384	Commits: 1839546	Aborts: 89613	P-state: 2	Best-threads: 14	Steps: 0	Throughput: 700943.936404
