Effective_runtime: 2.892930	Effective_commits: 1000090	Effective_throughput: 345701.457532	Effective_energy_per_tx: 133.332873	Pkg_power: 46.093369	Threads: 10	Elapsed time: 2.894085	Commits: 1839543	Aborts: 42700	P-state: 7	Best-threads: 10	Steps: 0	Throughput: 635621.584260
Effective_runtime: 2.953338	Effective_commits: 1000090	Effective_throughput: 338630.424709	Effective_energy_per_tx: 136.927268	Pkg_power: 46.367739	Threads: 10	Elapsed time: 2.954358	Commits: 1839543	Aborts: 40022	P-state: 7	Best-threads: 10	Steps: 0	Throughput: 622654.087836
Effective_runtime: 2.938930	Effective_commits: 1000090	Effective_throughput: 340290.511000	Effective_energy_per_tx: 136.336380	Pkg_power: 46.393976	Threads: 10	Elapsed time: 2.940264	Commits: 1839543	Aborts: 44139	P-state: 7	Best-threads: 10	Steps: 0	Throughput: 625638.721010
