Effective_runtime: 2.823314	Effective_commits: 989991	Effective_throughput: 350648.586543	Effective_energy_per_tx: 139.823332	Pkg_power: 49.028854	Threads: 9	Elapsed time: 2.824306	Commits: 1839540	Aborts: 40975	P-state: 5	Best-threads: 9	Steps: 0	Throughput: 651324.606011
Effective_runtime: 2.639407	Effective_commits: 989991	Effective_throughput: 375080.840886	Effective_energy_per_tx: 131.132670	Pkg_power: 49.185352	Threads: 9	Elapsed time: 2.640382	Commits: 1839540	Aborts: 34724	P-state: 5	Best-threads: 9	Steps: 0	Throughput: 696694.694271
Effective_runtime: 2.684862	Effective_commits: 989991	Effective_throughput: 368730.660155	Effective_energy_per_tx: 130.063684	Pkg_power: 47.958468	Threads: 9	Elapsed time: 2.686007	Commits: 1839540	Aborts: 37158	P-state: 5	Best-threads: 9	Steps: 0	Throughput: 684860.458050
