Effective_runtime: 2.424029	Effective_commits: 539496	Effective_throughput: 222561.650071	Effective_energy_per_tx: 269.632116	Pkg_power: 60.009769	Threads: 18	Elapsed time: 2.427397	Commits: 1839549	Aborts: 119756	P-state: 2	Best-threads: 18	Steps: 0	Throughput: 757827.825596
Effective_runtime: 2.239275	Effective_commits: 899172	Effective_throughput: 401545.950749	Effective_energy_per_tx: 155.930954	Pkg_power: 62.613443	Threads: 18	Elapsed time: 2.241123	Commits: 1839549	Aborts: 115379	P-state: 2	Best-threads: 18	Steps: 0	Throughput: 820815.651920
Effective_runtime: 2.227361	Effective_commits: 899172	Effective_throughput: 403693.914884	Effective_energy_per_tx: 150.043798	Pkg_power: 60.571768	Threads: 18	Elapsed time: 2.279135	Commits: 1839549	Aborts: 105805	P-state: 2	Best-threads: 18	Steps: 0	Throughput: 807125.953071
