Effective_runtime: 7.557144	Effective_commits: 1830000	Effective_throughput: 242154.974497	Effective_energy_per_tx: 214.872817	Pkg_power: 52.032522	Threads: 1	Elapsed time: 7.557506	Commits: 1839535	Aborts: 0	P-state: 0	Best-threads: 1	Steps: 0	Throughput: 243405.038313
Effective_runtime: 7.621346	Effective_commits: 1830000	Effective_throughput: 240115.074449	Effective_energy_per_tx: 216.762934	Pkg_power: 52.048048	Threads: 1	Elapsed time: 7.621705	Commits: 1839535	Aborts: 0	P-state: 0	Best-threads: 1	Steps: 0	Throughput: 241354.786976
Effective_runtime: 7.511229	Effective_commits: 1830000	Effective_throughput: 243635.229918	Effective_energy_per_tx: 214.831493	Pkg_power: 52.340520	Threads: 1	Elapsed time: 7.511601	Commits: 1839535	Aborts: 0	P-state: 0	Best-threads: 1	Steps: 0	Throughput: 244892.534501
