Effective_runtime: 2.602626	Effective_commits: 359658	Effective_throughput: 138190.432712	Effective_energy_per_tx: 423.131745	Pkg_power: 58.472759	Threads: 18	Elapsed time: 2.616505	Commits: 1839549	Aborts: 106684	P-state: 4	Best-threads: 18	Steps: 0	Throughput: 703055.754656
Effective_runtime: 2.623066	Effective_commits: 539496	Effective_throughput: 205673.841479	Effective_energy_per_tx: 278.419975	Pkg_power: 57.263706	Threads: 18	Elapsed time: 2.646749	Commits: 1839549	Aborts: 113213	P-state: 4	Best-threads: 18	Steps: 0	Throughput: 695022.076654
Effective_runtime: 2.562336	Effective_commits: 899172	Effective_throughput: 350918.804678	Effective_energy_per_tx: 163.432274	Pkg_power: 57.351458	Threads: 18	Elapsed time: 2.587374	Commits: 1839549	Aborts: 113745	P-state: 4	Best-threads: 18	Steps: 0	Throughput: 710971.440523
