Effective_runtime: 2.759876	Effective_commits: 449580	Effective_throughput: 162898.619263	Effective_energy_per_tx: 348.589568	Pkg_power: 56.784759	Threads: 15	Elapsed time: 2.761355	Commits: 1839543	Aborts: 107077	P-state: 3	Best-threads: 15	Steps: 0	Throughput: 666174.052641
Effective_runtime: 2.608898	Effective_commits: 599445	Effective_throughput: 229769.388800	Effective_energy_per_tx: 243.438466	Pkg_power: 55.934707	Threads: 15	Elapsed time: 2.610450	Commits: 1839543	Aborts: 103421	P-state: 3	Best-threads: 15	Steps: 0	Throughput: 704684.241913
Effective_runtime: 2.688488	Effective_commits: 599445	Effective_throughput: 222967.341771	Effective_energy_per_tx: 252.232996	Pkg_power: 56.239721	Threads: 15	Elapsed time: 2.697202	Commits: 1839543	Aborts: 99514	P-state: 3	Best-threads: 15	Steps: 0	Throughput: 682019.004266
