Effective_runtime: 2.019739	Effective_commits: 559818	Effective_throughput: 277173.441981	Effective_energy_per_tx: 260.228932	Pkg_power: 72.128549	Threads: 14	Elapsed time: 2.021469	Commits: 1839546	Aborts: 83612	P-state: 0	Best-threads: 14	Steps: 0	Throughput: 910004.611107
Effective_runtime: 1.921383	Effective_commits: 559818	Effective_throughput: 291362.002852	Effective_energy_per_tx: 261.020030	Pkg_power: 76.051319	Threads: 14	Elapsed time: 1.931230	Commits: 1839546	Aborts: 96686	P-state: 0	Best-threads: 14	Steps: 0	Throughput: 952525.558857
Effective_runtime: 2.028080	Effective_commits: 699776	Effective_throughput: 345043.587854	Effective_energy_per_tx: 221.709436	Pkg_power: 76.499419	Threads: 14	Elapsed time: 2.034868	Commits: 1839546	Aborts: 94139	P-state: 0	Best-threads: 14	Steps: 0	Throughput: 904012.446138
