Effective_runtime: 11.815365	Effective_commits: 1830000	Effective_throughput: 154883.075712	Effective_energy_per_tx: 240.406092	Pkg_power: 37.234835	Threads: 1	Elapsed time: 11.815833	Commits: 1839535	Aborts: 0	P-state: 6	Best-threads: 1	Steps: 0	Throughput: 155683.905048
Effective_runtime: 11.959503	Effective_commits: 1830000	Effective_throughput: 153016.386107	Effective_energy_per_tx: 239.096641	Pkg_power: 36.585704	Threads: 1	Elapsed time: 11.960005	Commits: 1839535	Aborts: 0	P-state: 6	Best-threads: 1	Steps: 0	Throughput: 153807.212435
Effective_runtime: 12.030988	Effective_commits: 1830000	Effective_throughput: 152107.211570	Effective_energy_per_tx: 244.732973	Pkg_power: 37.225650	Threads: 1	Elapsed time: 12.031446	Commits: 1839535	Aborts: 0	P-state: 6	Best-threads: 1	Steps: 0	Throughput: 152893.925057
