Effective_runtime: 4.114912	Effective_commits: 1079670	Effective_throughput: 262379.836319	Effective_energy_per_tx: 153.554069	Pkg_power: 40.289492	Threads: 6	Elapsed time: 4.115840	Commits: 1839538	Aborts: 25784	P-state: 9	Best-threads: 6	Steps: 0	Throughput: 446941.090685
Effective_runtime: 4.052580	Effective_commits: 1079670	Effective_throughput: 266415.487400	Effective_energy_per_tx: 147.809711	Pkg_power: 39.378796	Threads: 6	Elapsed time: 4.053512	Commits: 1839538	Aborts: 24057	P-state: 9	Best-threads: 6	Steps: 0	Throughput: 453813.400441
Effective_runtime: 4.088264	Effective_commits: 1079670	Effective_throughput: 264090.059241	Effective_energy_per_tx: 147.420834	Pkg_power: 38.932377	Threads: 6	Elapsed time: 4.089210	Commits: 1839538	Aborts: 26199	P-state: 9	Best-threads: 6	Steps: 0	Throughput: 449851.679167
