Effective_runtime: 2.664903	Effective_commits: 849728	Effective_throughput: 318858.919516	Effective_energy_per_tx: 176.411986	Pkg_power: 56.250535	Threads: 17	Elapsed time: 2.666797	Commits: 1839540	Aborts: 106286	P-state: 5	Best-threads: 17	Steps: 0	Throughput: 689793.806327
Effective_runtime: 2.948521	Effective_commits: 679779	Effective_throughput: 230549.179423	Effective_energy_per_tx: 238.142349	Pkg_power: 54.903523	Threads: 17	Elapsed time: 2.960336	Commits: 1839540	Aborts: 116842	P-state: 5	Best-threads: 17	Steps: 0	Throughput: 621395.685722
Effective_runtime: 2.808299	Effective_commits: 849728	Effective_throughput: 302577.422137	Effective_energy_per_tx: 184.108377	Pkg_power: 55.707038	Threads: 17	Elapsed time: 2.823378	Commits: 1839540	Aborts: 117085	P-state: 5	Best-threads: 17	Steps: 0	Throughput: 651538.723914
