Effective_runtime: 6.135138	Effective_commits: 1540150	Effective_throughput: 251037.538644	Effective_energy_per_tx: 157.756383	Pkg_power: 39.602774	Threads: 2	Elapsed time: 6.135709	Commits: 1839536	Aborts: 4503	P-state: 5	Best-threads: 2	Steps: 0	Throughput: 299808.218710
Effective_runtime: 6.324782	Effective_commits: 1520148	Effective_throughput: 240347.903605	Effective_energy_per_tx: 164.708634	Pkg_power: 39.587375	Threads: 2	Elapsed time: 6.325413	Commits: 1839536	Aborts: 4910	P-state: 5	Best-threads: 2	Steps: 0	Throughput: 290816.742448
Effective_runtime: 6.134333	Effective_commits: 1540150	Effective_throughput: 251070.504257	Effective_energy_per_tx: 157.292642	Pkg_power: 39.491543	Threads: 2	Elapsed time: 6.134940	Commits: 1839536	Aborts: 4880	P-state: 5	Best-threads: 2	Steps: 0	Throughput: 299845.794059
