Effective_runtime: 4.313671	Effective_commits: 599445	Effective_throughput: 138963.997250	Effective_energy_per_tx: 300.928731	Pkg_power: 41.818259	Threads: 15	Elapsed time: 4.331601	Commits: 1839543	Aborts: 99586	P-state: 11	Best-threads: 15	Steps: 0	Throughput: 424679.682944
Effective_runtime: 4.453902	Effective_commits: 749310	Effective_throughput: 168236.756801	Effective_energy_per_tx: 247.731756	Pkg_power: 41.677587	Threads: 15	Elapsed time: 4.460968	Commits: 1839543	Aborts: 98851	P-state: 11	Best-threads: 15	Steps: 0	Throughput: 412364.086170
Effective_runtime: 3.886603	Effective_commits: 749295	Effective_throughput: 192789.154564	Effective_energy_per_tx: 223.827419	Pkg_power: 43.151499	Threads: 15	Elapsed time: 3.898167	Commits: 1839543	Aborts: 92367	P-state: 11	Best-threads: 15	Steps: 0	Throughput: 471899.468925
