Effective_runtime: 29.524479	Effective_commits: 6180027	Effective_throughput: 209318.747435	Effective_energy_per_tx: 188.878323	Pkg_power: 39.535774	Threads: 20	Elapsed time: 81.071198	Commits: 41943040	Aborts: 3294810	P-state: 8	Best-threads: 3	Steps: 24	Throughput: 517360.555187
Effective_runtime: 27.868534	Effective_commits: 2190011	Effective_throughput: 78583.646769	Effective_energy_per_tx: 434.088048	Pkg_power: 34.112222	Threads: 20	Elapsed time: 89.907918	Commits: 41943040	Aborts: 3973571	P-state: 11	Best-threads: 1	Steps: 6	Throughput: 466511.080937
Effective_runtime: 30.984895	Effective_commits: 6100023	Effective_throughput: 196870.862869	Effective_energy_per_tx: 196.535891	Pkg_power: 38.692190	Threads: 20	Elapsed time: 84.846131	Commits: 41943040	Aborts: 3211598	P-state: 9	Best-threads: 3	Steps: 24	Throughput: 494342.399152
