Effective_runtime: 1.264012	Effective_commits: 1079028	Effective_throughput: 853652.992973	Effective_energy_per_tx: 79.327207	Pkg_power: 67.717907	Threads: 18	Elapsed time: 1.266024	Commits: 0	Aborts: 0	P-state: 2	Best-threads: 18	Steps: 0	Throughput: 0.000000
Effective_runtime: 1.268804	Effective_commits: 1258866	Effective_throughput: 992167.153273	Effective_energy_per_tx: 68.800506	Pkg_power: 68.261602	Threads: 18	Elapsed time: 1.270258	Commits: 0	Aborts: 0	P-state: 2	Best-threads: 18	Steps: 0	Throughput: 0.000000
Effective_runtime: 1.295893	Effective_commits: 1079028	Effective_throughput: 832652.208962	Effective_energy_per_tx: 81.618647	Pkg_power: 67.959946	Threads: 18	Elapsed time: 1.297237	Commits: 0	Aborts: 0	P-state: 2	Best-threads: 18	Steps: 0	Throughput: 0.000000
