Effective_runtime: 1.104019	Effective_commits: 800080	Effective_throughput: 724697.573656	Effective_energy_per_tx: 61.203516	Pkg_power: 44.354039	Threads: 5	Elapsed time: 1.104778	Commits: 0	Aborts: 0	P-state: 6	Best-threads: 5	Steps: 0	Throughput: 0.000000
Effective_runtime: 1.084045	Effective_commits: 1300130	Effective_throughput: 1199332.229511	Effective_energy_per_tx: 36.007894	Pkg_power: 43.185428	Threads: 5	Elapsed time: 1.084635	Commits: 0	Aborts: 0	P-state: 6	Best-threads: 5	Steps: 0	Throughput: 0.000000
Effective_runtime: 1.063420	Effective_commits: 700070	Effective_throughput: 658319.091193	Effective_energy_per_tx: 66.053319	Pkg_power: 43.484161	Threads: 5	Elapsed time: 1.064109	Commits: 0	Aborts: 0	P-state: 6	Best-threads: 5	Steps: 0	Throughput: 0.000000
