Effective_runtime: 1.396006	Effective_commits: 1000100	Effective_throughput: 716401.136620	Effective_energy_per_tx: 91.869728	Pkg_power: 65.815578	Threads: 20	Elapsed time: 1.397812	Commits: 0	Aborts: 0	P-state: 4	Best-threads: 20	Steps: 0	Throughput: 0.000000
Effective_runtime: 1.353464	Effective_commits: 1000100	Effective_throughput: 738919.029921	Effective_energy_per_tx: 89.347342	Pkg_power: 66.020451	Threads: 20	Elapsed time: 1.355426	Commits: 0	Aborts: 0	P-state: 4	Best-threads: 20	Steps: 0	Throughput: 0.000000
Effective_runtime: 1.433147	Effective_commits: 1000080	Effective_throughput: 697820.766688	Effective_energy_per_tx: 94.062180	Pkg_power: 65.638543	Threads: 20	Elapsed time: 1.434427	Commits: 0	Aborts: 0	P-state: 4	Best-threads: 20	Steps: 0	Throughput: 0.000000
