Effective_runtime: 1.616145	Effective_commits: 1019694	Effective_throughput: 630942.119313	Effective_energy_per_tx: 78.490023	Pkg_power: 49.522662	Threads: 17	Elapsed time: 1.617945	Commits: 0	Aborts: 0	P-state: 9	Best-threads: 17	Steps: 0	Throughput: 0.000000
Effective_runtime: 1.623251	Effective_commits: 849745	Effective_throughput: 523483.542436	Effective_energy_per_tx: 95.509725	Pkg_power: 49.997769	Threads: 17	Elapsed time: 1.643218	Commits: 0	Aborts: 0	P-state: 9	Best-threads: 17	Steps: 0	Throughput: 0.000000
Effective_runtime: 1.603200	Effective_commits: 1019694	Effective_throughput: 636036.505656	Effective_energy_per_tx: 77.998784	Pkg_power: 49.610074	Threads: 17	Elapsed time: 1.604963	Commits: 0	Aborts: 0	P-state: 9	Best-threads: 17	Steps: 0	Throughput: 0.000000
