Effective_runtime: 1.234470	Effective_commits: 1019694	Effective_throughput: 826017.617772	Effective_energy_per_tx: 80.026951	Pkg_power: 66.103672	Threads: 17	Elapsed time: 1.235655	Commits: 0	Aborts: 0	P-state: 2	Best-threads: 17	Steps: 0	Throughput: 0.000000
Effective_runtime: 1.239107	Effective_commits: 1019694	Effective_throughput: 822926.620367	Effective_energy_per_tx: 81.046002	Pkg_power: 66.694913	Threads: 17	Elapsed time: 1.240564	Commits: 0	Aborts: 0	P-state: 2	Best-threads: 17	Steps: 0	Throughput: 0.000000
Effective_runtime: 1.245798	Effective_commits: 1019694	Effective_throughput: 818506.711807	Effective_energy_per_tx: 81.682393	Pkg_power: 66.857587	Threads: 17	Elapsed time: 1.247086	Commits: 0	Aborts: 0	P-state: 2	Best-threads: 17	Steps: 0	Throughput: 0.000000
