Effective_runtime: 0.878165	Effective_commits: 719991	Effective_throughput: 819880.844954	Effective_energy_per_tx: 88.798982	Pkg_power: 72.804585	Threads: 9	Elapsed time: 0.878911	Commits: 0	Aborts: 0	P-state: 0	Best-threads: 9	Steps: 0	Throughput: 0.000000
Effective_runtime: 0.874310	Effective_commits: 1170000	Effective_throughput: 1338198.360718	Effective_energy_per_tx: 54.491682	Pkg_power: 72.920680	Threads: 9	Elapsed time: 0.875018	Commits: 0	Aborts: 0	P-state: 0	Best-threads: 9	Steps: 0	Throughput: 0.000000
Effective_runtime: 0.820899	Effective_commits: 630000	Effective_throughput: 767451.697190	Effective_energy_per_tx: 95.014344	Pkg_power: 72.918920	Threads: 9	Elapsed time: 0.821799	Commits: 0	Aborts: 0	P-state: 0	Best-threads: 9	Steps: 0	Throughput: 0.000000
