Effective_runtime: 1.320126	Effective_commits: 1359592	Effective_throughput: 1029895.885503	Effective_energy_per_tx: 61.913180	Pkg_power: 63.764129	Threads: 17	Elapsed time: 1.321369	Commits: 0	Aborts: 0	P-state: 3	Best-threads: 17	Steps: 0	Throughput: 0.000000
Effective_runtime: 1.291616	Effective_commits: 1189643	Effective_throughput: 921050.048727	Effective_energy_per_tx: 69.443734	Pkg_power: 63.961155	Threads: 17	Elapsed time: 1.292812	Commits: 0	Aborts: 0	P-state: 3	Best-threads: 17	Steps: 0	Throughput: 0.000000
Effective_runtime: 1.314204	Effective_commits: 1359592	Effective_throughput: 1034536.214066	Effective_energy_per_tx: 61.568633	Pkg_power: 63.694981	Threads: 17	Elapsed time: 1.315811	Commits: 0	Aborts: 0	P-state: 3	Best-threads: 17	Steps: 0	Throughput: 0.000000
