Effective_runtime: 1.148242	Effective_commits: 1360128	Effective_throughput: 1184530.317685	Effective_energy_per_tx: 41.964165	Pkg_power: 49.707826	Threads: 8	Elapsed time: 1.149002	Commits: 0	Aborts: 0	P-state: 4	Best-threads: 8	Steps: 0	Throughput: 0.000000
Effective_runtime: 1.111048	Effective_commits: 1280128	Effective_throughput: 1152180.317199	Effective_energy_per_tx: 43.689109	Pkg_power: 50.337732	Threads: 8	Elapsed time: 1.112192	Commits: 0	Aborts: 0	P-state: 4	Best-threads: 8	Steps: 0	Throughput: 0.000000
Effective_runtime: 1.032357	Effective_commits: 1200120	Effective_throughput: 1162505.357052	Effective_energy_per_tx: 42.795955	Pkg_power: 49.750526	Threads: 8	Elapsed time: 1.033065	Commits: 0	Aborts: 0	P-state: 4	Best-threads: 8	Steps: 0	Throughput: 0.000000
