Effective_runtime: 1.345130	Effective_commits: 1079028	Effective_throughput: 802173.610154	Effective_energy_per_tx: 79.345195	Pkg_power: 63.648621	Threads: 18	Elapsed time: 1.346846	Commits: 0	Aborts: 0	P-state: 4	Best-threads: 18	Steps: 0	Throughput: 0.000000
Effective_runtime: 1.353240	Effective_commits: 1079028	Effective_throughput: 797366.353827	Effective_energy_per_tx: 79.136357	Pkg_power: 63.100668	Threads: 18	Elapsed time: 1.354922	Commits: 0	Aborts: 0	P-state: 4	Best-threads: 18	Steps: 0	Throughput: 0.000000
Effective_runtime: 1.327486	Effective_commits: 1079028	Effective_throughput: 812835.397013	Effective_energy_per_tx: 77.469675	Pkg_power: 62.970094	Threads: 18	Elapsed time: 1.328749	Commits: 0	Aborts: 0	P-state: 4	Best-threads: 18	Steps: 0	Throughput: 0.000000
