Effective_runtime: 1.408148	Effective_commits: 1258866	Effective_throughput: 893987.113770	Effective_energy_per_tx: 68.313581	Pkg_power: 61.071461	Threads: 18	Elapsed time: 1.409508	Commits: 0	Aborts: 0	P-state: 5	Best-threads: 18	Steps: 0	Throughput: 0.000000
Effective_runtime: 1.391088	Effective_commits: 1258866	Effective_throughput: 904950.496645	Effective_energy_per_tx: 67.928762	Pkg_power: 61.472167	Threads: 18	Elapsed time: 1.404124	Commits: 0	Aborts: 0	P-state: 5	Best-threads: 18	Steps: 0	Throughput: 0.000000
Effective_runtime: 1.408319	Effective_commits: 1079028	Effective_throughput: 766181.288977	Effective_energy_per_tx: 80.727185	Pkg_power: 61.851659	Threads: 18	Elapsed time: 1.409996	Commits: 0	Aborts: 0	P-state: 5	Best-threads: 18	Steps: 0	Throughput: 0.000000
