Effective_runtime: 1.761711	Effective_commits: 1039792	Effective_throughput: 590217.203214	Effective_energy_per_tx: 73.953765	Pkg_power: 43.648784	Threads: 13	Elapsed time: 1.770327	Commits: 0	Aborts: 0	P-state: 11	Best-threads: 13	Steps: 0	Throughput: 0.000000
Effective_runtime: 1.819614	Effective_commits: 1299740	Effective_throughput: 714294.203133	Effective_energy_per_tx: 62.099757	Pkg_power: 44.357496	Threads: 13	Elapsed time: 1.866834	Commits: 0	Aborts: 0	P-state: 11	Best-threads: 13	Steps: 0	Throughput: 0.000000
Effective_runtime: 1.685417	Effective_commits: 1039792	Effective_throughput: 616934.677353	Effective_energy_per_tx: 71.451062	Pkg_power: 44.080638	Threads: 13	Elapsed time: 1.737885	Commits: 0	Aborts: 0	P-state: 11	Best-threads: 13	Steps: 0	Throughput: 0.000000
