Effective_runtime: 0.798659	Effective_commits: 1520142	Effective_throughput: 1903368.704625	Effective_energy_per_tx: 28.189754	Pkg_power: 53.655496	Threads: 2	Elapsed time: 0.799100	Commits: 0	Aborts: 0	P-state: 1	Best-threads: 2	Steps: 0	Throughput: 0.000000
Effective_runtime: 0.724050	Effective_commits: 1560128	Effective_throughput: 2154724.237324	Effective_energy_per_tx: 24.677126	Pkg_power: 53.172401	Threads: 2	Elapsed time: 0.724626	Commits: 0	Aborts: 0	P-state: 1	Best-threads: 2	Steps: 0	Throughput: 0.000000
Effective_runtime: 0.662197	Effective_commits: 1580140	Effective_throughput: 2386208.045496	Effective_energy_per_tx: 22.040220	Pkg_power: 52.592550	Threads: 2	Elapsed time: 0.662759	Commits: 0	Aborts: 0	P-state: 1	Best-threads: 2	Steps: 0	Throughput: 0.000000
