Effective_runtime: 0.996211	Effective_commits: 569715	Effective_throughput: 571881.677819	Effective_energy_per_tx: 155.802385	Pkg_power: 89.100530	Threads: 19	Elapsed time: 0.997888	Commits: 0	Aborts: 0	P-state: 0	Best-threads: 19	Steps: 0	Throughput: 0.000000
Effective_runtime: 0.970089	Effective_commits: 569715	Effective_throughput: 587280.892139	Effective_energy_per_tx: 151.625183	Pkg_power: 89.046573	Threads: 19	Elapsed time: 0.971398	Commits: 0	Aborts: 0	P-state: 0	Best-threads: 19	Steps: 0	Throughput: 0.000000
Effective_runtime: 1.013774	Effective_commits: 569715	Effective_throughput: 561974.471528	Effective_energy_per_tx: 157.885043	Pkg_power: 88.727363	Threads: 19	Elapsed time: 1.014910	Commits: 0	Aborts: 0	P-state: 0	Best-threads: 19	Steps: 0	Throughput: 0.000000
