Effective_runtime: 1.293283	Effective_commits: 1169766	Effective_throughput: 904493.340366	Effective_energy_per_tx: 60.489802	Pkg_power: 54.712623	Threads: 13	Elapsed time: 1.294416	Commits: 0	Aborts: 0	P-state: 5	Best-threads: 13	Steps: 0	Throughput: 0.000000
Effective_runtime: 1.277447	Effective_commits: 1039792	Effective_throughput: 813961.197428	Effective_energy_per_tx: 67.184802	Pkg_power: 54.685822	Threads: 13	Elapsed time: 1.278494	Commits: 0	Aborts: 0	P-state: 5	Best-threads: 13	Steps: 0	Throughput: 0.000000
Effective_runtime: 1.308531	Effective_commits: 1039792	Effective_throughput: 794625.284407	Effective_energy_per_tx: 70.312943	Pkg_power: 55.872443	Threads: 13	Elapsed time: 1.309840	Commits: 0	Aborts: 0	P-state: 5	Best-threads: 13	Steps: 0	Throughput: 0.000000
