Effective_runtime: 1.241485	Effective_commits: 1039779	Effective_throughput: 837528.237326	Effective_energy_per_tx: 67.881179	Pkg_power: 56.852404	Threads: 13	Elapsed time: 1.242678	Commits: 0	Aborts: 0	P-state: 4	Best-threads: 13	Steps: 0	Throughput: 0.000000
Effective_runtime: 1.228461	Effective_commits: 1169766	Effective_throughput: 952220.329480	Effective_energy_per_tx: 59.145197	Pkg_power: 56.319259	Threads: 13	Elapsed time: 1.229624	Commits: 0	Aborts: 0	P-state: 4	Best-threads: 13	Steps: 0	Throughput: 0.000000
Effective_runtime: 1.242554	Effective_commits: 1299740	Effective_throughput: 1046022.601829	Effective_energy_per_tx: 54.395975	Pkg_power: 56.899419	Threads: 13	Elapsed time: 1.243829	Commits: 0	Aborts: 0	P-state: 4	Best-threads: 13	Steps: 0	Throughput: 0.000000
