Effective_runtime: 1.298205	Effective_commits: 1319989	Effective_throughput: 1016779.989127	Effective_energy_per_tx: 51.419827	Pkg_power: 52.282651	Threads: 11	Elapsed time: 1.311510	Commits: 0	Aborts: 0	P-state: 5	Best-threads: 11	Steps: 0	Throughput: 0.000000
Effective_runtime: 1.258717	Effective_commits: 990000	Effective_throughput: 786514.934197	Effective_energy_per_tx: 66.530801	Pkg_power: 52.327469	Threads: 11	Elapsed time: 1.259720	Commits: 0	Aborts: 0	P-state: 5	Best-threads: 11	Steps: 0	Throughput: 0.000000
Effective_runtime: 1.262140	Effective_commits: 990000	Effective_throughput: 784382.316764	Effective_energy_per_tx: 66.241593	Pkg_power: 51.958734	Threads: 11	Elapsed time: 1.263113	Commits: 0	Aborts: 0	P-state: 5	Best-threads: 11	Steps: 0	Throughput: 0.000000
