Effective_runtime: 1.079061	Effective_commits: 1199640	Effective_throughput: 1111744.883623	Effective_energy_per_tx: 39.084094	Pkg_power: 43.451541	Threads: 6	Elapsed time: 1.080025	Commits: 0	Aborts: 0	P-state: 7	Best-threads: 6	Steps: 0	Throughput: 0.000000
Effective_runtime: 1.119101	Effective_commits: 1139658	Effective_throughput: 1018368.792991	Effective_energy_per_tx: 42.345722	Pkg_power: 43.123562	Threads: 6	Elapsed time: 1.120001	Commits: 0	Aborts: 0	P-state: 7	Best-threads: 6	Steps: 0	Throughput: 0.000000
Effective_runtime: 1.142856	Effective_commits: 659802	Effective_throughput: 577327.266203	Effective_energy_per_tx: 76.699616	Pkg_power: 44.280780	Threads: 6	Elapsed time: 1.143867	Commits: 0	Aborts: 0	P-state: 7	Best-threads: 6	Steps: 0	Throughput: 0.000000
