Effective_runtime: 1.823573	Effective_commits: 749325	Effective_throughput: 410910.348446	Effective_energy_per_tx: 109.458014	Pkg_power: 44.977430	Threads: 15	Elapsed time: 1.841291	Commits: 0	Aborts: 0	P-state: 11	Best-threads: 15	Steps: 0	Throughput: 0.000000
Effective_runtime: 1.760717	Effective_commits: 899190	Effective_throughput: 510695.305687	Effective_energy_per_tx: 88.190718	Pkg_power: 45.038586	Threads: 15	Elapsed time: 1.762916	Commits: 0	Aborts: 0	P-state: 11	Best-threads: 15	Steps: 0	Throughput: 0.000000
Effective_runtime: 1.809942	Effective_commits: 1198920	Effective_throughput: 662408.120377	Effective_energy_per_tx: 67.802599	Pkg_power: 44.912992	Threads: 15	Elapsed time: 1.842931	Commits: 0	Aborts: 0	P-state: 11	Best-threads: 15	Steps: 0	Throughput: 0.000000
