Effective_runtime: 1.419446	Effective_commits: 1210000	Effective_throughput: 852445.326036	Effective_energy_per_tx: 54.618405	Pkg_power: 46.559204	Threads: 11	Elapsed time: 1.425283	Commits: 0	Aborts: 0	P-state: 8	Best-threads: 11	Steps: 0	Throughput: 0.000000
Effective_runtime: 1.421476	Effective_commits: 1320000	Effective_throughput: 928612.212938	Effective_energy_per_tx: 49.887836	Pkg_power: 46.326453	Threads: 11	Elapsed time: 1.434875	Commits: 0	Aborts: 0	P-state: 8	Best-threads: 11	Steps: 0	Throughput: 0.000000
Effective_runtime: 1.426504	Effective_commits: 659989	Effective_throughput: 462661.901873	Effective_energy_per_tx: 100.361245	Pkg_power: 46.433325	Threads: 11	Elapsed time: 1.432332	Commits: 0	Aborts: 0	P-state: 8	Best-threads: 11	Steps: 0	Throughput: 0.000000
