Effective_runtime: 1.199172	Effective_commits: 880088	Effective_throughput: 733912.791275	Effective_energy_per_tx: 51.718732	Pkg_power: 37.957039	Threads: 4	Elapsed time: 1.199924	Commits: 0	Aborts: 0	P-state: 9	Best-threads: 4	Steps: 0	Throughput: 0.000000
Effective_runtime: 1.225142	Effective_commits: 920080	Effective_throughput: 750998.858969	Effective_energy_per_tx: 51.019431	Pkg_power: 38.315534	Threads: 4	Elapsed time: 1.225813	Commits: 0	Aborts: 0	P-state: 9	Best-threads: 4	Steps: 0	Throughput: 0.000000
Effective_runtime: 1.205891	Effective_commits: 1280128	Effective_throughput: 1061562.116940	Effective_energy_per_tx: 36.077995	Pkg_power: 38.299033	Threads: 4	Elapsed time: 1.206640	Commits: 0	Aborts: 0	P-state: 9	Best-threads: 4	Steps: 0	Throughput: 0.000000
