Effective_runtime: 1.021053	Effective_commits: 539514	Effective_throughput: 528389.754489	Effective_energy_per_tx: 151.879536	Pkg_power: 80.251591	Threads: 18	Elapsed time: 1.030184	Commits: 0	Aborts: 0	P-state: 1	Best-threads: 18	Steps: 0	Throughput: 0.000000
Effective_runtime: 1.009589	Effective_commits: 719352	Effective_throughput: 712519.517109	Effective_energy_per_tx: 111.404538	Pkg_power: 79.377907	Threads: 18	Elapsed time: 1.010653	Commits: 0	Aborts: 0	P-state: 1	Best-threads: 18	Steps: 0	Throughput: 0.000000
Effective_runtime: 1.019991	Effective_commits: 719352	Effective_throughput: 705253.256755	Effective_energy_per_tx: 112.603260	Pkg_power: 79.413816	Threads: 18	Elapsed time: 1.021467	Commits: 0	Aborts: 0	P-state: 1	Best-threads: 18	Steps: 0	Throughput: 0.000000
