Effective_runtime: 0.741199	Effective_commits: 1640000	Effective_throughput: 2212629.675075	Effective_energy_per_tx: 15.955033	Pkg_power: 35.302579	Threads: 1	Elapsed time: 0.741676	Commits: 0	Aborts: 0	P-state: 8	Best-threads: 1	Steps: 0	Throughput: 0.000000
Effective_runtime: 0.737097	Effective_commits: 1640000	Effective_throughput: 2224945.618971	Effective_energy_per_tx: 15.887634	Pkg_power: 35.349122	Threads: 1	Elapsed time: 0.737523	Commits: 0	Aborts: 0	P-state: 8	Best-threads: 1	Steps: 0	Throughput: 0.000000
Effective_runtime: 0.745608	Effective_commits: 1640000	Effective_throughput: 2199547.253509	Effective_energy_per_tx: 16.160281	Pkg_power: 35.545302	Threads: 1	Elapsed time: 0.746084	Commits: 0	Aborts: 0	P-state: 8	Best-threads: 1	Steps: 0	Throughput: 0.000000
