Effective_runtime: 1.070032	Effective_commits: 1280128	Effective_throughput: 1196345.192203	Effective_energy_per_tx: 43.701506	Pkg_power: 52.282086	Threads: 8	Elapsed time: 1.070911	Commits: 0	Aborts: 0	P-state: 2	Best-threads: 8	Steps: 0	Throughput: 0.000000
Effective_runtime: 1.089201	Effective_commits: 1280120	Effective_throughput: 1175283.760123	Effective_energy_per_tx: 45.873896	Pkg_power: 53.914845	Threads: 8	Elapsed time: 1.089895	Commits: 0	Aborts: 0	P-state: 2	Best-threads: 8	Steps: 0	Throughput: 0.000000
Effective_runtime: 1.052079	Effective_commits: 1200120	Effective_throughput: 1140712.344462	Effective_energy_per_tx: 45.752449	Pkg_power: 52.190383	Threads: 8	Elapsed time: 1.052860	Commits: 0	Aborts: 0	P-state: 2	Best-threads: 8	Steps: 0	Throughput: 0.000000
