Effective_runtime: 1.230665	Effective_commits: 1120112	Effective_throughput: 910168.195233	Effective_energy_per_tx: 71.224428	Pkg_power: 64.826209	Threads: 16	Elapsed time: 1.232081	Commits: 0	Aborts: 0	P-state: 2	Best-threads: 16	Steps: 0	Throughput: 0.000000
Effective_runtime: 1.254465	Effective_commits: 960096	Effective_throughput: 765343.136365	Effective_energy_per_tx: 84.588848	Pkg_power: 64.739495	Threads: 16	Elapsed time: 1.255693	Commits: 0	Aborts: 0	P-state: 2	Best-threads: 16	Steps: 0	Throughput: 0.000000
Effective_runtime: 1.230309	Effective_commits: 960096	Effective_throughput: 780370.049931	Effective_energy_per_tx: 83.814799	Pkg_power: 65.406559	Threads: 16	Elapsed time: 1.231879	Commits: 0	Aborts: 0	P-state: 2	Best-threads: 16	Steps: 0	Throughput: 0.000000
