Effective_runtime: 1.331622	Effective_commits: 1199640	Effective_throughput: 900885.980404	Effective_energy_per_tx: 57.222627	Pkg_power: 51.551062	Threads: 12	Elapsed time: 1.332989	Commits: 0	Aborts: 0	P-state: 6	Best-threads: 12	Steps: 0	Throughput: 0.000000
Effective_runtime: 1.327708	Effective_commits: 1199628	Effective_throughput: 903533.022764	Effective_energy_per_tx: 57.027828	Pkg_power: 51.526526	Threads: 12	Elapsed time: 1.328836	Commits: 0	Aborts: 0	P-state: 6	Best-threads: 12	Steps: 0	Throughput: 0.000000
Effective_runtime: 1.300777	Effective_commits: 959712	Effective_throughput: 737799.128698	Effective_energy_per_tx: 71.293610	Pkg_power: 52.600363	Threads: 12	Elapsed time: 1.301975	Commits: 0	Aborts: 0	P-state: 6	Best-threads: 12	Steps: 0	Throughput: 0.000000
