Effective_runtime: 1.274040	Effective_commits: 880088	Effective_throughput: 690785.412240	Effective_energy_per_tx: 66.418233	Pkg_power: 45.880747	Threads: 8	Elapsed time: 1.275035	Commits: 0	Aborts: 0	P-state: 7	Best-threads: 8	Steps: 0	Throughput: 0.000000
Effective_runtime: 1.175867	Effective_commits: 1360128	Effective_throughput: 1156702.123125	Effective_energy_per_tx: 39.410809	Pkg_power: 45.586567	Threads: 8	Elapsed time: 1.176717	Commits: 0	Aborts: 0	P-state: 7	Best-threads: 8	Steps: 0	Throughput: 0.000000
Effective_runtime: 1.140079	Effective_commits: 1120104	Effective_throughput: 982479.052516	Effective_energy_per_tx: 46.021457	Pkg_power: 45.215117	Threads: 8	Elapsed time: 1.141105	Commits: 0	Aborts: 0	P-state: 7	Best-threads: 8	Steps: 0	Throughput: 0.000000
