Effective_runtime: 1.760129	Effective_commits: 800060	Effective_throughput: 454546.329223	Effective_energy_per_tx: 109.453105	Pkg_power: 49.751507	Threads: 20	Elapsed time: 1.762620	Commits: 0	Aborts: 0	P-state: 10	Best-threads: 20	Steps: 0	Throughput: 0.000000
Effective_runtime: 1.819825	Effective_commits: 800080	Effective_throughput: 439646.768373	Effective_energy_per_tx: 112.179886	Pkg_power: 49.319524	Threads: 20	Elapsed time: 1.821636	Commits: 0	Aborts: 0	P-state: 10	Best-threads: 20	Steps: 0	Throughput: 0.000000
Effective_runtime: 1.745541	Effective_commits: 800080	Effective_throughput: 458356.521992	Effective_energy_per_tx: 108.882267	Pkg_power: 49.906897	Threads: 20	Elapsed time: 1.747942	Commits: 0	Aborts: 0	P-state: 10	Best-threads: 20	Steps: 0	Throughput: 0.000000
