Effective_runtime: 1.673515	Effective_commits: 960096	Effective_throughput: 573700.288920	Effective_energy_per_tx: 81.768678	Pkg_power: 46.910714	Threads: 16	Elapsed time: 1.675863	Commits: 0	Aborts: 0	P-state: 10	Best-threads: 16	Steps: 0	Throughput: 0.000000
Effective_runtime: 1.649135	Effective_commits: 800080	Effective_throughput: 485151.171563	Effective_energy_per_tx: 96.766581	Pkg_power: 46.946420	Threads: 16	Elapsed time: 1.651365	Commits: 0	Aborts: 0	P-state: 10	Best-threads: 16	Steps: 0	Throughput: 0.000000
Effective_runtime: 1.648875	Effective_commits: 800064	Effective_throughput: 485218.061466	Effective_energy_per_tx: 96.778279	Pkg_power: 46.958569	Threads: 16	Elapsed time: 1.712104	Commits: 0	Aborts: 0	P-state: 10	Best-threads: 16	Steps: 0	Throughput: 0.000000
