Effective_runtime: 1.232260	Effective_commits: 1189643	Effective_throughput: 965415.764343	Effective_energy_per_tx: 46.234444	Pkg_power: 44.635461	Threads: 7	Elapsed time: 1.233319	Commits: 0	Aborts: 0	P-state: 7	Best-threads: 7	Steps: 0	Throughput: 0.000000
Effective_runtime: 1.214638	Effective_commits: 1049685	Effective_throughput: 864195.495304	Effective_energy_per_tx: 52.308505	Pkg_power: 45.204774	Threads: 7	Elapsed time: 1.215538	Commits: 0	Aborts: 0	P-state: 7	Best-threads: 7	Steps: 0	Throughput: 0.000000
Effective_runtime: 1.245704	Effective_commits: 1119657	Effective_throughput: 898814.883560	Effective_energy_per_tx: 50.211051	Pkg_power: 45.130440	Threads: 7	Elapsed time: 1.246566	Commits: 0	Aborts: 0	P-state: 7	Best-threads: 7	Steps: 0	Throughput: 0.000000
