Effective_runtime: 1.226905	Effective_commits: 960088	Effective_throughput: 782528.555984	Effective_energy_per_tx: 59.966795	Pkg_power: 46.925729	Threads: 8	Elapsed time: 1.227793	Commits: 0	Aborts: 0	P-state: 6	Best-threads: 8	Steps: 0	Throughput: 0.000000
Effective_runtime: 1.242856	Effective_commits: 1120112	Effective_throughput: 901240.618404	Effective_energy_per_tx: 52.128213	Pkg_power: 46.980063	Threads: 8	Elapsed time: 1.243790	Commits: 0	Aborts: 0	P-state: 6	Best-threads: 8	Steps: 0	Throughput: 0.000000
Effective_runtime: 1.217671	Effective_commits: 1200120	Effective_throughput: 985586.217931	Effective_energy_per_tx: 47.692761	Pkg_power: 47.005328	Threads: 8	Elapsed time: 1.218611	Commits: 0	Aborts: 0	P-state: 6	Best-threads: 8	Steps: 0	Throughput: 0.000000
