Effective_runtime: 0.823737	Effective_commits: 1580140	Effective_throughput: 1918257.995357	Effective_energy_per_tx: 22.067373	Pkg_power: 42.330915	Threads: 2	Elapsed time: 0.824312	Commits: 0	Aborts: 0	P-state: 3	Best-threads: 2	Steps: 0	Throughput: 0.000000
Effective_runtime: 0.934907	Effective_commits: 1520126	Effective_throughput: 1625964.074660	Effective_energy_per_tx: 26.116117	Pkg_power: 42.463869	Threads: 2	Elapsed time: 0.935387	Commits: 0	Aborts: 0	P-state: 3	Best-threads: 2	Steps: 0	Throughput: 0.000000
Effective_runtime: 0.925182	Effective_commits: 1460130	Effective_throughput: 1578208.760802	Effective_energy_per_tx: 26.848996	Pkg_power: 42.373321	Threads: 2	Elapsed time: 0.925724	Commits: 0	Aborts: 0	P-state: 3	Best-threads: 2	Steps: 0	Throughput: 0.000000
