Effective_runtime: 0.758923	Effective_commits: 960088	Effective_throughput: 1265066.336475	Effective_energy_per_tx: 44.903973	Pkg_power: 56.806505	Threads: 4	Elapsed time: 0.759410	Commits: 0	Aborts: 0	P-state: 1	Best-threads: 4	Steps: 0	Throughput: 0.000000
Effective_runtime: 0.791420	Effective_commits: 1120108	Effective_throughput: 1415313.748127	Effective_energy_per_tx: 39.964970	Pkg_power: 56.562972	Threads: 4	Elapsed time: 0.791847	Commits: 0	Aborts: 0	P-state: 1	Best-threads: 4	Steps: 0	Throughput: 0.000000
Effective_runtime: 0.753048	Effective_commits: 880080	Effective_throughput: 1168690.102167	Effective_energy_per_tx: 48.595325	Pkg_power: 56.792876	Threads: 4	Elapsed time: 0.753490	Commits: 0	Aborts: 0	P-state: 1	Best-threads: 4	Steps: 0	Throughput: 0.000000
