Effective_runtime: 1.639043	Effective_commits: 899190	Effective_throughput: 548606.848329	Effective_energy_per_tx: 91.451226	Pkg_power: 50.170769	Threads: 18	Elapsed time: 1.641399	Commits: 0	Aborts: 0	P-state: 9	Best-threads: 18	Steps: 0	Throughput: 0.000000
Effective_runtime: 1.616988	Effective_commits: 719352	Effective_throughput: 444871.676462	Effective_energy_per_tx: 113.943167	Pkg_power: 50.690088	Threads: 18	Elapsed time: 1.618916	Commits: 0	Aborts: 0	P-state: 9	Best-threads: 18	Steps: 0	Throughput: 0.000000
Effective_runtime: 1.668232	Effective_commits: 899190	Effective_throughput: 539007.863423	Effective_energy_per_tx: 93.732056	Pkg_power: 50.522315	Threads: 18	Elapsed time: 1.670510	Commits: 0	Aborts: 0	P-state: 9	Best-threads: 18	Steps: 0	Throughput: 0.000000
