Effective_runtime: 1.219609	Effective_commits: 1289988	Effective_throughput: 1057706.128167	Effective_energy_per_tx: 34.014507	Pkg_power: 35.977353	Threads: 3	Elapsed time: 1.220421	Commits: 0	Aborts: 0	P-state: 10	Best-threads: 3	Steps: 0	Throughput: 0.000000
Effective_runtime: 1.200985	Effective_commits: 1259991	Effective_throughput: 1049131.625428	Effective_energy_per_tx: 34.203967	Pkg_power: 35.884464	Threads: 3	Elapsed time: 1.201755	Commits: 0	Aborts: 0	P-state: 10	Best-threads: 3	Steps: 0	Throughput: 0.000000
Effective_runtime: 1.225303	Effective_commits: 1199994	Effective_throughput: 979345.002985	Effective_energy_per_tx: 36.888059	Pkg_power: 36.126137	Threads: 3	Elapsed time: 1.226128	Commits: 0	Aborts: 0	P-state: 10	Best-threads: 3	Steps: 0	Throughput: 0.000000
