Effective_runtime: 1.518643	Effective_commits: 1100000	Effective_throughput: 724330.666592	Effective_energy_per_tx: 59.524550	Pkg_power: 43.115457	Threads: 11	Elapsed time: 1.526780	Commits: 0	Aborts: 0	P-state: 10	Best-threads: 11	Steps: 0	Throughput: 0.000000
Effective_runtime: 1.521563	Effective_commits: 1100000	Effective_throughput: 722940.782458	Effective_energy_per_tx: 60.362505	Pkg_power: 43.638517	Threads: 11	Elapsed time: 1.550582	Commits: 0	Aborts: 0	P-state: 10	Best-threads: 11	Steps: 0	Throughput: 0.000000
Effective_runtime: 1.600201	Effective_commits: 1100000	Effective_throughput: 687413.692204	Effective_energy_per_tx: 62.526030	Pkg_power: 42.981249	Threads: 11	Elapsed time: 1.604213	Commits: 0	Aborts: 0	P-state: 10	Best-threads: 11	Steps: 0	Throughput: 0.000000
