Effective_runtime: 1.904544	Effective_commits: 600040	Effective_throughput: 315057.004974	Effective_energy_per_tx: 152.899063	Pkg_power: 48.171921	Threads: 20	Elapsed time: 1.913090	Commits: 0	Aborts: 0	P-state: 11	Best-threads: 20	Steps: 0	Throughput: 0.000000
Effective_runtime: 1.822216	Effective_commits: 800080	Effective_throughput: 439069.783753	Effective_energy_per_tx: 110.032737	Pkg_power: 48.312050	Threads: 20	Elapsed time: 1.825015	Commits: 0	Aborts: 0	P-state: 11	Best-threads: 20	Steps: 0	Throughput: 0.000000
Effective_runtime: 1.858894	Effective_commits: 800080	Effective_throughput: 430406.356363	Effective_energy_per_tx: 112.154941	Pkg_power: 48.272199	Threads: 20	Elapsed time: 1.861472	Commits: 0	Aborts: 0	P-state: 11	Best-threads: 20	Steps: 0	Throughput: 0.000000
