Effective_runtime: 1.454488	Effective_commits: 1198920	Effective_throughput: 824290.125764	Effective_energy_per_tx: 64.626837	Pkg_power: 53.271263	Threads: 15	Elapsed time: 1.456212	Commits: 0	Aborts: 0	P-state: 7	Best-threads: 15	Steps: 0	Throughput: 0.000000
Effective_runtime: 1.451089	Effective_commits: 1049055	Effective_throughput: 722943.075718	Effective_energy_per_tx: 73.675448	Pkg_power: 53.263155	Threads: 15	Elapsed time: 1.452607	Commits: 0	Aborts: 0	P-state: 7	Best-threads: 15	Steps: 0	Throughput: 0.000000
Effective_runtime: 1.469565	Effective_commits: 1049055	Effective_throughput: 713853.861175	Effective_energy_per_tx: 74.456352	Pkg_power: 53.150954	Threads: 15	Elapsed time: 1.471251	Commits: 0	Aborts: 0	P-state: 7	Best-threads: 15	Steps: 0	Throughput: 0.000000
