Effective_runtime: 0.917126	Effective_commits: 719784	Effective_throughput: 784826.010635	Effective_energy_per_tx: 98.932064	Pkg_power: 77.644457	Threads: 12	Elapsed time: 0.917907	Commits: 0	Aborts: 0	P-state: 0	Best-threads: 12	Steps: 0	Throughput: 0.000000
Effective_runtime: 0.927246	Effective_commits: 839748	Effective_throughput: 905637.058142	Effective_energy_per_tx: 85.933996	Pkg_power: 77.825011	Threads: 12	Elapsed time: 0.928176	Commits: 0	Aborts: 0	P-state: 0	Best-threads: 12	Steps: 0	Throughput: 0.000000
Effective_runtime: 0.907632	Effective_commits: 839748	Effective_throughput: 925207.285653	Effective_energy_per_tx: 84.215126	Pkg_power: 77.916449	Threads: 12	Elapsed time: 0.908483	Commits: 0	Aborts: 0	P-state: 0	Best-threads: 12	Steps: 0	Throughput: 0.000000
