Effective_runtime: 1.454644	Effective_commits: 1100000	Effective_throughput: 756198.682798	Effective_energy_per_tx: 59.522885	Pkg_power: 45.011127	Threads: 11	Elapsed time: 1.456048	Commits: 0	Aborts: 0	P-state: 9	Best-threads: 11	Steps: 0	Throughput: 0.000000
Effective_runtime: 1.444400	Effective_commits: 660000	Effective_throughput: 456937.184929	Effective_energy_per_tx: 98.710148	Pkg_power: 45.104337	Threads: 11	Elapsed time: 1.445929	Commits: 0	Aborts: 0	P-state: 9	Best-threads: 11	Steps: 0	Throughput: 0.000000
Effective_runtime: 1.408133	Effective_commits: 550000	Effective_throughput: 390588.035891	Effective_energy_per_tx: 115.143415	Pkg_power: 44.973640	Threads: 11	Elapsed time: 1.409504	Commits: 0	Aborts: 0	P-state: 9	Best-threads: 11	Steps: 0	Throughput: 0.000000
