Effective_runtime: 0.599435	Effective_commits: 1640000	Effective_throughput: 2735911.391757	Effective_energy_per_tx: 14.504930	Pkg_power: 39.684205	Threads: 1	Elapsed time: 0.599856	Commits: 0	Aborts: 0	P-state: 4	Best-threads: 1	Steps: 0	Throughput: 0.000000
Effective_runtime: 0.599257	Effective_commits: 1640000	Effective_throughput: 2736724.477051	Effective_energy_per_tx: 14.461723	Pkg_power: 39.577750	Threads: 1	Elapsed time: 0.599695	Commits: 0	Aborts: 0	P-state: 4	Best-threads: 1	Steps: 0	Throughput: 0.000000
Effective_runtime: 0.609466	Effective_commits: 1640000	Effective_throughput: 2690881.577450	Effective_energy_per_tx: 14.695032	Pkg_power: 39.542590	Threads: 1	Elapsed time: 0.609906	Commits: 0	Aborts: 0	P-state: 4	Best-threads: 1	Steps: 0	Throughput: 0.000000
