Effective_runtime: 1.193726	Effective_commits: 1280128	Effective_throughput: 1072380.261915	Effective_energy_per_tx: 45.203723	Pkg_power: 48.475580	Threads: 8	Elapsed time: 1.194593	Commits: 0	Aborts: 0	P-state: 5	Best-threads: 8	Steps: 0	Throughput: 0.000000
Effective_runtime: 1.049244	Effective_commits: 1120112	Effective_throughput: 1067541.914710	Effective_energy_per_tx: 45.186230	Pkg_power: 48.238195	Threads: 8	Elapsed time: 1.050186	Commits: 0	Aborts: 0	P-state: 5	Best-threads: 8	Steps: 0	Throughput: 0.000000
Effective_runtime: 1.178275	Effective_commits: 880088	Effective_throughput: 746929.035061	Effective_energy_per_tx: 64.723503	Pkg_power: 48.343863	Threads: 8	Elapsed time: 1.179122	Commits: 0	Aborts: 0	P-state: 5	Best-threads: 8	Steps: 0	Throughput: 0.000000
