Effective_runtime: 1.229396	Effective_commits: 1500134	Effective_throughput: 1220220.246511	Effective_energy_per_tx: 29.678507	Pkg_power: 36.214316	Threads: 2	Elapsed time: 1.230048	Commits: 0	Aborts: 0	P-state: 9	Best-threads: 2	Steps: 0	Throughput: 0.000000
Effective_runtime: 1.152901	Effective_commits: 1500124	Effective_throughput: 1301173.404922	Effective_energy_per_tx: 27.658125	Pkg_power: 35.988017	Threads: 2	Elapsed time: 1.153570	Commits: 0	Aborts: 0	P-state: 9	Best-threads: 2	Steps: 0	Throughput: 0.000000
Effective_runtime: 1.238782	Effective_commits: 1540136	Effective_throughput: 1243266.262321	Effective_energy_per_tx: 29.078033	Pkg_power: 36.151738	Threads: 2	Elapsed time: 1.239468	Commits: 0	Aborts: 0	P-state: 9	Best-threads: 2	Steps: 0	Throughput: 0.000000
