Effective_runtime: 1.591826	Effective_commits: 949525	Effective_throughput: 596500.671162	Effective_energy_per_tx: 89.104768	Pkg_power: 53.151054	Threads: 19	Elapsed time: 1.593959	Commits: 0	Aborts: 0	P-state: 8	Best-threads: 19	Steps: 0	Throughput: 0.000000
Effective_runtime: 1.592884	Effective_commits: 949525	Effective_throughput: 596104.149926	Effective_energy_per_tx: 89.125017	Pkg_power: 53.127793	Threads: 19	Elapsed time: 1.596791	Commits: 0	Aborts: 0	P-state: 8	Best-threads: 19	Steps: 0	Throughput: 0.000000
Effective_runtime: 1.585400	Effective_commits: 949525	Effective_throughput: 598918.258602	Effective_energy_per_tx: 88.790185	Pkg_power: 53.178063	Threads: 19	Elapsed time: 1.587211	Commits: 0	Aborts: 0	P-state: 8	Best-threads: 19	Steps: 0	Throughput: 0.000000
