Effective_runtime: 1.254493	Effective_commits: 1198920	Effective_throughput: 955700.809895	Effective_energy_per_tx: 64.321794	Pkg_power: 61.472390	Threads: 15	Elapsed time: 1.256366	Commits: 0	Aborts: 0	P-state: 3	Best-threads: 15	Steps: 0	Throughput: 0.000000
Effective_runtime: 1.258607	Effective_commits: 1049055	Effective_throughput: 833504.584783	Effective_energy_per_tx: 73.922602	Pkg_power: 61.614827	Threads: 15	Elapsed time: 1.259836	Commits: 0	Aborts: 0	P-state: 3	Best-threads: 15	Steps: 0	Throughput: 0.000000
Effective_runtime: 1.250440	Effective_commits: 1198920	Effective_throughput: 958798.228424	Effective_energy_per_tx: 63.449123	Pkg_power: 60.834907	Threads: 15	Elapsed time: 1.251868	Commits: 0	Aborts: 0	P-state: 3	Best-threads: 15	Steps: 0	Throughput: 0.000000
