Effective_runtime: 1.666349	Effective_commits: 1169753	Effective_throughput: 701985.716411	Effective_energy_per_tx: 64.736955	Pkg_power: 45.444418	Threads: 13	Elapsed time: 1.696281	Commits: 0	Aborts: 0	P-state: 10	Best-threads: 13	Steps: 0	Throughput: 0.000000
Effective_runtime: 1.596443	Effective_commits: 1039779	Effective_throughput: 651309.671268	Effective_energy_per_tx: 68.938013	Pkg_power: 44.899994	Threads: 13	Elapsed time: 1.598352	Commits: 0	Aborts: 0	P-state: 10	Best-threads: 13	Steps: 0	Throughput: 0.000000
Effective_runtime: 1.656310	Effective_commits: 1169766	Effective_throughput: 706248.024793	Effective_energy_per_tx: 62.805473	Pkg_power: 44.356241	Threads: 13	Elapsed time: 1.657806	Commits: 0	Aborts: 0	P-state: 10	Best-threads: 13	Steps: 0	Throughput: 0.000000
