Effective_runtime: 0.940561	Effective_commits: 1299740	Effective_throughput: 1381876.770886	Effective_energy_per_tx: 57.159629	Pkg_power: 78.987563	Threads: 13	Elapsed time: 0.941609	Commits: 0	Aborts: 0	P-state: 0	Best-threads: 13	Steps: 0	Throughput: 0.000000
Effective_runtime: 0.916721	Effective_commits: 779844	Effective_throughput: 850688.821461	Effective_energy_per_tx: 92.877302	Pkg_power: 79.009683	Threads: 13	Elapsed time: 0.917648	Commits: 0	Aborts: 0	P-state: 0	Best-threads: 13	Steps: 0	Throughput: 0.000000
Effective_runtime: 0.940030	Effective_commits: 1169766	Effective_throughput: 1244391.584692	Effective_energy_per_tx: 63.505428	Pkg_power: 79.025621	Threads: 13	Elapsed time: 0.941034	Commits: 0	Aborts: 0	P-state: 0	Best-threads: 13	Steps: 0	Throughput: 0.000000
