Effective_runtime: 1.229461	Effective_commits: 1198920	Effective_throughput: 975159.018035	Effective_energy_per_tx: 64.612685	Pkg_power: 63.007642	Threads: 15	Elapsed time: 1.230691	Commits: 0	Aborts: 0	P-state: 2	Best-threads: 15	Steps: 0	Throughput: 0.000000
Effective_runtime: 1.191008	Effective_commits: 899190	Effective_throughput: 754982.089606	Effective_energy_per_tx: 83.480342	Pkg_power: 63.026163	Threads: 15	Elapsed time: 1.192721	Commits: 0	Aborts: 0	P-state: 2	Best-threads: 15	Steps: 0	Throughput: 0.000000
Effective_runtime: 1.230394	Effective_commits: 1198905	Effective_throughput: 974407.697771	Effective_energy_per_tx: 64.486526	Pkg_power: 62.836167	Threads: 15	Elapsed time: 1.231550	Commits: 0	Aborts: 0	P-state: 2	Best-threads: 15	Steps: 0	Throughput: 0.000000
