Effective_runtime: 1.020834	Effective_commits: 1049685	Effective_throughput: 1028262.196705	Effective_energy_per_tx: 49.292237	Pkg_power: 50.685344	Threads: 7	Elapsed time: 1.021635	Commits: 0	Aborts: 0	P-state: 2	Best-threads: 7	Steps: 0	Throughput: 0.000000
Effective_runtime: 1.006997	Effective_commits: 769769	Effective_throughput: 764419.979601	Effective_energy_per_tx: 66.403094	Pkg_power: 50.759851	Threads: 7	Elapsed time: 1.007681	Commits: 0	Aborts: 0	P-state: 2	Best-threads: 7	Steps: 0	Throughput: 0.000000
Effective_runtime: 1.049601	Effective_commits: 909727	Effective_throughput: 866735.821564	Effective_energy_per_tx: 58.599711	Pkg_power: 50.790468	Threads: 7	Elapsed time: 1.050377	Commits: 0	Aborts: 0	P-state: 2	Best-threads: 7	Steps: 0	Throughput: 0.000000
