Effective_runtime: 1.532190	Effective_commits: 979706	Effective_throughput: 639415.416264	Effective_energy_per_tx: 74.945687	Pkg_power: 47.921428	Threads: 14	Elapsed time: 1.534048	Commits: 0	Aborts: 0	P-state: 9	Best-threads: 14	Steps: 0	Throughput: 0.000000
Effective_runtime: 1.505062	Effective_commits: 699776	Effective_throughput: 464948.225133	Effective_energy_per_tx: 101.715638	Pkg_power: 47.292505	Threads: 14	Elapsed time: 1.506614	Commits: 0	Aborts: 0	P-state: 9	Best-threads: 14	Steps: 0	Throughput: 0.000000
Effective_runtime: 1.605252	Effective_commits: 1259622	Effective_throughput: 784687.994004	Effective_energy_per_tx: 60.072780	Pkg_power: 47.138389	Threads: 14	Elapsed time: 1.606799	Commits: 0	Aborts: 0	P-state: 9	Best-threads: 14	Steps: 0	Throughput: 0.000000
