Effective_runtime: 1.384396	Effective_commits: 1100110	Effective_throughput: 794649.553357	Effective_energy_per_tx: 46.386179	Pkg_power: 36.860756	Threads: 5	Elapsed time: 1.385310	Commits: 0	Aborts: 0	P-state: 11	Best-threads: 5	Steps: 0	Throughput: 0.000000
Effective_runtime: 1.344456	Effective_commits: 1250115	Effective_throughput: 929829.807797	Effective_energy_per_tx: 39.592154	Pkg_power: 36.813965	Threads: 5	Elapsed time: 1.345340	Commits: 0	Aborts: 0	P-state: 11	Best-threads: 5	Steps: 0	Throughput: 0.000000
Effective_runtime: 1.315725	Effective_commits: 850085	Effective_throughput: 646096.477237	Effective_energy_per_tx: 57.112063	Pkg_power: 36.899903	Threads: 5	Elapsed time: 1.316590	Commits: 0	Aborts: 0	P-state: 11	Best-threads: 5	Steps: 0	Throughput: 0.000000
