Effective_runtime: 1.051349	Effective_commits: 1319592	Effective_throughput: 1255141.264228	Effective_energy_per_tx: 38.389658	Pkg_power: 48.184443	Threads: 6	Elapsed time: 1.052073	Commits: 0	Aborts: 0	P-state: 3	Best-threads: 6	Steps: 0	Throughput: 0.000000
Effective_runtime: 1.020944	Effective_commits: 779766	Effective_throughput: 763769.802313	Effective_energy_per_tx: 63.311506	Pkg_power: 48.355417	Threads: 6	Elapsed time: 1.021655	Commits: 0	Aborts: 0	P-state: 3	Best-threads: 6	Steps: 0	Throughput: 0.000000
Effective_runtime: 1.041058	Effective_commits: 1199640	Effective_throughput: 1152327.275424	Effective_energy_per_tx: 41.815721	Pkg_power: 48.185395	Threads: 6	Elapsed time: 1.041695	Commits: 0	Aborts: 0	P-state: 3	Best-threads: 6	Steps: 0	Throughput: 0.000000
