Effective_runtime: 1.329873	Effective_commits: 1019694	Effective_throughput: 766760.259166	Effective_energy_per_tx: 80.734930	Pkg_power: 61.904336	Threads: 17	Elapsed time: 1.331529	Commits: 0	Aborts: 0	P-state: 4	Best-threads: 17	Steps: 0	Throughput: 0.000000
Effective_runtime: 1.324940	Effective_commits: 1189643	Effective_throughput: 897884.353892	Effective_energy_per_tx: 68.521624	Pkg_power: 61.524494	Threads: 17	Elapsed time: 1.326410	Commits: 0	Aborts: 0	P-state: 4	Best-threads: 17	Steps: 0	Throughput: 0.000000
Effective_runtime: 1.330458	Effective_commits: 1019694	Effective_throughput: 766423.247472	Effective_energy_per_tx: 81.654621	Pkg_power: 62.582000	Threads: 17	Elapsed time: 1.331941	Commits: 0	Aborts: 0	P-state: 4	Best-threads: 17	Steps: 0	Throughput: 0.000000
