Effective_runtime: 1.839837	Effective_commits: 719352	Effective_throughput: 390986.896099	Effective_energy_per_tx: 119.770895	Pkg_power: 46.828851	Threads: 18	Elapsed time: 1.842188	Commits: 0	Aborts: 0	P-state: 11	Best-threads: 18	Steps: 0	Throughput: 0.000000
Effective_runtime: 1.898900	Effective_commits: 1079028	Effective_throughput: 568238.336537	Effective_energy_per_tx: 84.078819	Pkg_power: 47.776808	Threads: 18	Elapsed time: 1.946199	Commits: 0	Aborts: 0	P-state: 11	Best-threads: 18	Steps: 0	Throughput: 0.000000
Effective_runtime: 1.846435	Effective_commits: 899190	Effective_throughput: 486987.149487	Effective_energy_per_tx: 98.089806	Pkg_power: 47.768475	Threads: 18	Elapsed time: 1.886304	Commits: 0	Aborts: 0	P-state: 11	Best-threads: 18	Steps: 0	Throughput: 0.000000
