Effective_runtime: 0.887039	Effective_commits: 1100000	Effective_throughput: 1240080.798028	Effective_energy_per_tx: 60.984730	Pkg_power: 75.625993	Threads: 11	Elapsed time: 0.888218	Commits: 0	Aborts: 0	P-state: 0	Best-threads: 11	Steps: 0	Throughput: 0.000000
Effective_runtime: 0.924561	Effective_commits: 989989	Effective_throughput: 1070766.210959	Effective_energy_per_tx: 71.474136	Pkg_power: 76.532089	Threads: 11	Elapsed time: 0.925563	Commits: 0	Aborts: 0	P-state: 0	Best-threads: 11	Steps: 0	Throughput: 0.000000
Effective_runtime: 0.910406	Effective_commits: 1210000	Effective_throughput: 1329077.432609	Effective_energy_per_tx: 57.349243	Pkg_power: 76.221585	Threads: 11	Elapsed time: 0.911316	Commits: 0	Aborts: 0	P-state: 0	Best-threads: 11	Steps: 0	Throughput: 0.000000
