Effective_runtime: 0.921520	Effective_commits: 1349991	Effective_throughput: 1464960.605867	Effective_energy_per_tx: 28.064035	Pkg_power: 41.112706	Threads: 3	Elapsed time: 0.922201	Commits: 0	Aborts: 0	P-state: 5	Best-threads: 3	Steps: 0	Throughput: 0.000000
Effective_runtime: 0.942429	Effective_commits: 1529994	Effective_throughput: 1623457.967125	Effective_energy_per_tx: 25.569338	Pkg_power: 41.510745	Threads: 3	Elapsed time: 0.943015	Commits: 0	Aborts: 0	P-state: 5	Best-threads: 3	Steps: 0	Throughput: 0.000000
Effective_runtime: 0.960852	Effective_commits: 1439988	Effective_throughput: 1498657.107741	Effective_energy_per_tx: 27.608395	Pkg_power: 41.375518	Threads: 3	Elapsed time: 0.961459	Commits: 0	Aborts: 0	P-state: 5	Best-threads: 3	Steps: 0	Throughput: 0.000000
