Effective_runtime: 1.315672	Effective_commits: 1259622	Effective_throughput: 957398.403902	Effective_energy_per_tx: 60.897630	Pkg_power: 58.303294	Threads: 14	Elapsed time: 1.316852	Commits: 0	Aborts: 0	P-state: 4	Best-threads: 14	Steps: 0	Throughput: 0.000000
Effective_runtime: 1.278874	Effective_commits: 1119664	Effective_throughput: 875507.917556	Effective_energy_per_tx: 66.711977	Pkg_power: 58.406864	Threads: 14	Elapsed time: 1.280063	Commits: 0	Aborts: 0	P-state: 4	Best-threads: 14	Steps: 0	Throughput: 0.000000
Effective_runtime: 1.280225	Effective_commits: 1399580	Effective_throughput: 1093229.440142	Effective_energy_per_tx: 52.653950	Pkg_power: 57.562848	Threads: 14	Elapsed time: 1.290167	Commits: 0	Aborts: 0	P-state: 4	Best-threads: 14	Steps: 0	Throughput: 0.000000
