Effective_runtime: 1.004738	Effective_commits: 640064	Effective_throughput: 637045.569793	Effective_energy_per_tx: 120.118124	Pkg_power: 76.520719	Threads: 16	Elapsed time: 1.005823	Commits: 0	Aborts: 0	P-state: 1	Best-threads: 16	Steps: 0	Throughput: 0.000000
Effective_runtime: 0.976686	Effective_commits: 480048	Effective_throughput: 491506.814906	Effective_energy_per_tx: 156.993786	Pkg_power: 77.163516	Threads: 16	Elapsed time: 0.977714	Commits: 0	Aborts: 0	P-state: 1	Best-threads: 16	Steps: 0	Throughput: 0.000000
Effective_runtime: 0.988413	Effective_commits: 640064	Effective_throughput: 647567.087214	Effective_energy_per_tx: 117.690031	Pkg_power: 76.212191	Threads: 16	Elapsed time: 0.989416	Commits: 0	Aborts: 0	P-state: 1	Best-threads: 16	Steps: 0	Throughput: 0.000000
