Effective_runtime: 1.056033	Effective_commits: 719784	Effective_throughput: 681592.492797	Effective_energy_per_tx: 67.460608	Pkg_power: 45.980644	Threads: 6	Elapsed time: 1.056928	Commits: 0	Aborts: 0	P-state: 5	Best-threads: 6	Steps: 0	Throughput: 0.000000
Effective_runtime: 1.010499	Effective_commits: 1139652	Effective_throughput: 1127811.496196	Effective_energy_per_tx: 40.921093	Pkg_power: 46.151279	Threads: 6	Elapsed time: 1.011166	Commits: 0	Aborts: 0	P-state: 5	Best-threads: 6	Steps: 0	Throughput: 0.000000
Effective_runtime: 1.012773	Effective_commits: 1139652	Effective_throughput: 1125278.989264	Effective_energy_per_tx: 40.422649	Pkg_power: 45.486758	Threads: 6	Elapsed time: 1.013505	Commits: 0	Aborts: 0	P-state: 5	Best-threads: 6	Steps: 0	Throughput: 0.000000
