Effective_runtime: 0.696409	Effective_commits: 1520126	Effective_throughput: 2182807.734685	Effective_energy_per_tx: 26.003412	Pkg_power: 56.760449	Threads: 2	Elapsed time: 0.696785	Commits: 0	Aborts: 0	P-state: 0	Best-threads: 2	Steps: 0	Throughput: 0.000000
Effective_runtime: 0.593512	Effective_commits: 1620156	Effective_throughput: 2729777.562494	Effective_energy_per_tx: 20.528200	Pkg_power: 56.037421	Threads: 2	Elapsed time: 0.593951	Commits: 0	Aborts: 0	P-state: 0	Best-threads: 2	Steps: 0	Throughput: 0.000000
Effective_runtime: 0.693220	Effective_commits: 1500128	Effective_throughput: 2164000.524538	Effective_energy_per_tx: 26.319545	Pkg_power: 56.955510	Threads: 2	Elapsed time: 0.693619	Commits: 0	Aborts: 0	P-state: 0	Best-threads: 2	Steps: 0	Throughput: 0.000000
