Effective_runtime: 0.995529	Effective_commits: 1200120	Effective_throughput: 1205509.373108	Effective_energy_per_tx: 36.748144	Pkg_power: 44.300231	Threads: 5	Elapsed time: 0.996310	Commits: 0	Aborts: 0	P-state: 5	Best-threads: 5	Steps: 0	Throughput: 0.000000
Effective_runtime: 1.112471	Effective_commits: 1400130	Effective_throughput: 1258576.720834	Effective_energy_per_tx: 35.669379	Pkg_power: 44.892650	Threads: 5	Elapsed time: 1.113211	Commits: 0	Aborts: 0	P-state: 5	Best-threads: 5	Steps: 0	Throughput: 0.000000
Effective_runtime: 0.982948	Effective_commits: 1400140	Effective_throughput: 1424429.071088	Effective_energy_per_tx: 31.124214	Pkg_power: 44.334235	Threads: 5	Elapsed time: 0.983794	Commits: 0	Aborts: 0	P-state: 5	Best-threads: 5	Steps: 0	Throughput: 0.000000
