Effective_runtime: 1.224562	Effective_commits: 699790	Effective_throughput: 571461.324822	Effective_energy_per_tx: 75.135875	Pkg_power: 42.937247	Threads: 7	Elapsed time: 1.225582	Commits: 0	Aborts: 0	P-state: 8	Best-threads: 7	Steps: 0	Throughput: 0.000000
Effective_runtime: 1.252417	Effective_commits: 909727	Effective_throughput: 726376.821512	Effective_energy_per_tx: 58.174618	Pkg_power: 42.256694	Threads: 7	Elapsed time: 1.253290	Commits: 0	Aborts: 0	P-state: 8	Best-threads: 7	Steps: 0	Throughput: 0.000000
Effective_runtime: 1.250604	Effective_commits: 559832	Effective_throughput: 447649.280469	Effective_energy_per_tx: 95.758201	Pkg_power: 42.866090	Threads: 7	Elapsed time: 1.251430	Commits: 0	Aborts: 0	P-state: 8	Best-threads: 7	Steps: 0	Throughput: 0.000000
