Effective_runtime: 1.004321	Effective_commits: 679796	Effective_throughput: 676871.145020	Effective_energy_per_tx: 114.716756	Pkg_power: 77.648462	Threads: 17	Elapsed time: 1.005332	Commits: 0	Aborts: 0	P-state: 1	Best-threads: 17	Steps: 0	Throughput: 0.000000
Effective_runtime: 1.004195	Effective_commits: 679796	Effective_throughput: 676956.470207	Effective_energy_per_tx: 115.054796	Pkg_power: 77.887088	Threads: 17	Elapsed time: 1.005257	Commits: 0	Aborts: 0	P-state: 1	Best-threads: 17	Steps: 0	Throughput: 0.000000
Effective_runtime: 0.998927	Effective_commits: 509847	Effective_throughput: 510394.619230	Effective_energy_per_tx: 154.255031	Pkg_power: 78.730938	Threads: 17	Elapsed time: 1.000012	Commits: 0	Aborts: 0	P-state: 1	Best-threads: 17	Steps: 0	Throughput: 0.000000
