Effective_runtime: 1.157022	Effective_commits: 1100000	Effective_throughput: 950716.340260	Effective_energy_per_tx: 59.790717	Pkg_power: 56.844012	Threads: 11	Elapsed time: 1.158006	Commits: 0	Aborts: 0	P-state: 2	Best-threads: 11	Steps: 0	Throughput: 0.000000
Effective_runtime: 1.142386	Effective_commits: 1430000	Effective_throughput: 1251765.663613	Effective_energy_per_tx: 45.239953	Pkg_power: 56.629820	Threads: 11	Elapsed time: 1.143244	Commits: 0	Aborts: 0	P-state: 2	Best-threads: 11	Steps: 0	Throughput: 0.000000
Effective_runtime: 1.152221	Effective_commits: 990000	Effective_throughput: 859209.866875	Effective_energy_per_tx: 67.348362	Pkg_power: 57.866377	Threads: 11	Elapsed time: 1.153413	Commits: 0	Aborts: 0	P-state: 2	Best-threads: 11	Steps: 0	Throughput: 0.000000
