Effective_runtime: 1.661226	Effective_commits: 1049055	Effective_throughput: 631494.281323	Effective_energy_per_tx: 73.473270	Pkg_power: 46.397950	Threads: 15	Elapsed time: 1.663247	Commits: 0	Aborts: 0	P-state: 10	Best-threads: 15	Steps: 0	Throughput: 0.000000
Effective_runtime: 1.705806	Effective_commits: 899190	Effective_throughput: 527134.923392	Effective_energy_per_tx: 88.238707	Pkg_power: 46.513704	Threads: 15	Elapsed time: 1.734800	Commits: 0	Aborts: 0	P-state: 10	Best-threads: 15	Steps: 0	Throughput: 0.000000
Effective_runtime: 1.577103	Effective_commits: 449595	Effective_throughput: 285076.458090	Effective_energy_per_tx: 165.387277	Pkg_power: 47.148019	Threads: 15	Elapsed time: 1.578792	Commits: 0	Aborts: 0	P-state: 10	Best-threads: 15	Steps: 0	Throughput: 0.000000
