Effective_runtime: 1.680802	Effective_commits: 419874	Effective_throughput: 249805.749129	Effective_energy_per_tx: 179.774832	Pkg_power: 44.908787	Threads: 14	Elapsed time: 1.741395	Commits: 0	Aborts: 0	P-state: 10	Best-threads: 14	Steps: 0	Throughput: 0.000000
Effective_runtime: 1.670191	Effective_commits: 559832	Effective_throughput: 335190.333918	Effective_energy_per_tx: 135.143368	Pkg_power: 45.298751	Threads: 14	Elapsed time: 1.679111	Commits: 0	Aborts: 0	P-state: 10	Best-threads: 14	Steps: 0	Throughput: 0.000000
Effective_runtime: 1.655525	Effective_commits: 839748	Effective_throughput: 507239.709633	Effective_energy_per_tx: 89.548861	Pkg_power: 45.422738	Threads: 14	Elapsed time: 1.706383	Commits: 0	Aborts: 0	P-state: 10	Best-threads: 14	Steps: 0	Throughput: 0.000000
