Effective_runtime: 1.549610	Effective_commits: 1039792	Effective_throughput: 671002.291610	Effective_energy_per_tx: 68.986928	Pkg_power: 46.290387	Threads: 13	Elapsed time: 1.551137	Commits: 0	Aborts: 0	P-state: 9	Best-threads: 13	Steps: 0	Throughput: 0.000000
Effective_runtime: 1.526901	Effective_commits: 1039792	Effective_throughput: 680982.143109	Effective_energy_per_tx: 67.489804	Pkg_power: 45.959351	Threads: 13	Elapsed time: 1.528520	Commits: 0	Aborts: 0	P-state: 9	Best-threads: 13	Steps: 0	Throughput: 0.000000
Effective_runtime: 1.469801	Effective_commits: 519896	Effective_throughput: 353718.551316	Effective_energy_per_tx: 133.413629	Pkg_power: 47.190876	Threads: 13	Elapsed time: 1.507429	Commits: 0	Aborts: 0	P-state: 9	Best-threads: 13	Steps: 0	Throughput: 0.000000
