Effective_runtime: 0.792305	Effective_commits: 1640000	Effective_throughput: 2069910.220610	Effective_energy_per_tx: 16.802116	Pkg_power: 34.778873	Threads: 1	Elapsed time: 0.792867	Commits: 0	Aborts: 0	P-state: 9	Best-threads: 1	Steps: 0	Throughput: 0.000000
Effective_runtime: 0.784191	Effective_commits: 1640000	Effective_throughput: 2091328.032488	Effective_energy_per_tx: 16.590727	Pkg_power: 34.696653	Threads: 1	Elapsed time: 0.784641	Commits: 0	Aborts: 0	P-state: 9	Best-threads: 1	Steps: 0	Throughput: 0.000000
Effective_runtime: 0.788171	Effective_commits: 1640000	Effective_throughput: 2080765.694370	Effective_energy_per_tx: 16.648488	Pkg_power: 34.641602	Threads: 1	Elapsed time: 0.788730	Commits: 0	Aborts: 0	P-state: 9	Best-threads: 1	Steps: 0	Throughput: 0.000000
