Effective_runtime: 1.348602	Effective_commits: 1040104	Effective_throughput: 771245.806208	Effective_energy_per_tx: 53.291665	Pkg_power: 41.100973	Threads: 8	Elapsed time: 1.349773	Commits: 0	Aborts: 0	P-state: 10	Best-threads: 8	Steps: 0	Throughput: 0.000000
Effective_runtime: 1.377779	Effective_commits: 1040104	Effective_throughput: 754913.510717	Effective_energy_per_tx: 53.995904	Pkg_power: 40.762238	Threads: 8	Elapsed time: 1.378856	Commits: 0	Aborts: 0	P-state: 10	Best-threads: 8	Steps: 0	Throughput: 0.000000
Effective_runtime: 1.346917	Effective_commits: 1040104	Effective_throughput: 772210.871626	Effective_energy_per_tx: 52.474993	Pkg_power: 40.521760	Threads: 8	Elapsed time: 1.347944	Commits: 0	Aborts: 0	P-state: 10	Best-threads: 8	Steps: 0	Throughput: 0.000000
