Effective_runtime: 1.367924	Effective_commits: 1049055	Effective_throughput: 766895.785374	Effective_energy_per_tx: 72.742168	Pkg_power: 55.785662	Threads: 15	Elapsed time: 1.369731	Commits: 0	Aborts: 0	P-state: 6	Best-threads: 15	Steps: 0	Throughput: 0.000000
Effective_runtime: 1.363567	Effective_commits: 1049055	Effective_throughput: 769345.911208	Effective_energy_per_tx: 72.541502	Pkg_power: 55.809508	Threads: 15	Elapsed time: 1.365166	Commits: 0	Aborts: 0	P-state: 6	Best-threads: 15	Steps: 0	Throughput: 0.000000
Effective_runtime: 1.371453	Effective_commits: 749325	Effective_throughput: 546373.072660	Effective_energy_per_tx: 100.518269	Pkg_power: 54.920476	Threads: 15	Elapsed time: 1.372852	Commits: 0	Aborts: 0	P-state: 6	Best-threads: 15	Steps: 0	Throughput: 0.000000
