Effective_runtime: 1.191715	Effective_commits: 1429714	Effective_throughput: 1199711.132997	Effective_energy_per_tx: 50.086419	Pkg_power: 60.089234	Threads: 13	Elapsed time: 1.192945	Commits: 0	Aborts: 0	P-state: 2	Best-threads: 13	Steps: 0	Throughput: 0.000000
Effective_runtime: 1.182727	Effective_commits: 1429701	Effective_throughput: 1208817.800633	Effective_energy_per_tx: 49.695015	Pkg_power: 60.072218	Threads: 13	Elapsed time: 1.183759	Commits: 0	Aborts: 0	P-state: 2	Best-threads: 13	Steps: 0	Throughput: 0.000000
Effective_runtime: 1.194267	Effective_commits: 1299740	Effective_throughput: 1088315.720459	Effective_energy_per_tx: 55.332064	Pkg_power: 60.218755	Threads: 13	Elapsed time: 1.195465	Commits: 0	Aborts: 0	P-state: 2	Best-threads: 13	Steps: 0	Throughput: 0.000000
