Effective_runtime: 1.281341	Effective_commits: 949525	Effective_throughput: 741040.163784	Effective_energy_per_tx: 93.399861	Pkg_power: 69.213048	Threads: 19	Elapsed time: 1.283063	Commits: 0	Aborts: 0	P-state: 2	Best-threads: 19	Steps: 0	Throughput: 0.000000
Effective_runtime: 1.276973	Effective_commits: 949525	Effective_throughput: 743574.572060	Effective_energy_per_tx: 92.758930	Pkg_power: 68.973182	Threads: 19	Elapsed time: 1.278350	Commits: 0	Aborts: 0	P-state: 2	Best-threads: 19	Steps: 0	Throughput: 0.000000
Effective_runtime: 1.281418	Effective_commits: 1139430	Effective_throughput: 889194.463508	Effective_energy_per_tx: 77.860804	Pkg_power: 69.233396	Threads: 19	Elapsed time: 1.282850	Commits: 0	Aborts: 0	P-state: 2	Best-threads: 19	Steps: 0	Throughput: 0.000000
