Effective_runtime: 0.912005	Effective_commits: 1580128	Effective_throughput: 1732586.078614	Effective_energy_per_tx: 22.914469	Pkg_power: 39.701290	Threads: 2	Elapsed time: 0.912633	Commits: 0	Aborts: 0	P-state: 5	Best-threads: 2	Steps: 0	Throughput: 0.000000
Effective_runtime: 1.000521	Effective_commits: 1540130	Effective_throughput: 1539327.697786	Effective_energy_per_tx: 25.741637	Pkg_power: 39.624814	Threads: 2	Elapsed time: 1.001013	Commits: 0	Aborts: 0	P-state: 5	Best-threads: 2	Steps: 0	Throughput: 0.000000
Effective_runtime: 0.954813	Effective_commits: 1580140	Effective_throughput: 1654920.665095	Effective_energy_per_tx: 23.963656	Pkg_power: 39.657949	Threads: 2	Elapsed time: 0.955341	Commits: 0	Aborts: 0	P-state: 5	Best-threads: 2	Steps: 0	Throughput: 0.000000
