Effective_runtime: 0.939646	Effective_commits: 990000	Effective_throughput: 1053588.342465	Effective_energy_per_tx: 64.884953	Pkg_power: 68.362030	Threads: 11	Elapsed time: 0.940459	Commits: 0	Aborts: 0	P-state: 1	Best-threads: 11	Steps: 0	Throughput: 0.000000
Effective_runtime: 0.908054	Effective_commits: 440000	Effective_throughput: 484552.943861	Effective_energy_per_tx: 141.151759	Pkg_power: 68.395500	Threads: 11	Elapsed time: 0.908914	Commits: 0	Aborts: 0	P-state: 1	Best-threads: 11	Steps: 0	Throughput: 0.000000
Effective_runtime: 0.906486	Effective_commits: 660000	Effective_throughput: 728086.305753	Effective_energy_per_tx: 93.805062	Pkg_power: 68.298181	Threads: 11	Elapsed time: 0.907311	Commits: 0	Aborts: 0	P-state: 1	Best-threads: 11	Steps: 0	Throughput: 0.000000
