Effective_runtime: 1.429839	Effective_commits: 800080	Effective_throughput: 559559.551771	Effective_energy_per_tx: 108.970223	Pkg_power: 60.975329	Threads: 20	Elapsed time: 1.431626	Commits: 0	Aborts: 0	P-state: 6	Best-threads: 20	Steps: 0	Throughput: 0.000000
Effective_runtime: 1.435316	Effective_commits: 1000100	Effective_throughput: 696780.464449	Effective_energy_per_tx: 87.614306	Pkg_power: 61.047937	Threads: 20	Elapsed time: 1.437483	Commits: 0	Aborts: 0	P-state: 6	Best-threads: 20	Steps: 0	Throughput: 0.000000
Effective_runtime: 1.501066	Effective_commits: 1000100	Effective_throughput: 666259.798509	Effective_energy_per_tx: 91.521863	Pkg_power: 60.977338	Threads: 20	Elapsed time: 1.502686	Commits: 0	Aborts: 0	P-state: 6	Best-threads: 20	Steps: 0	Throughput: 0.000000
