Effective_runtime: 0.900039	Effective_commits: 1640000	Effective_throughput: 1822144.011752	Effective_energy_per_tx: 18.309086	Pkg_power: 33.361791	Threads: 1	Elapsed time: 0.900547	Commits: 0	Aborts: 0	P-state: 11	Best-threads: 1	Steps: 0	Throughput: 0.000000
Effective_runtime: 0.929657	Effective_commits: 1640000	Effective_throughput: 1764090.627906	Effective_energy_per_tx: 18.900195	Pkg_power: 33.341657	Threads: 1	Elapsed time: 0.930249	Commits: 0	Aborts: 0	P-state: 11	Best-threads: 1	Steps: 0	Throughput: 0.000000
Effective_runtime: 0.914069	Effective_commits: 1640000	Effective_throughput: 1794175.061658	Effective_energy_per_tx: 18.617982	Pkg_power: 33.403920	Threads: 1	Elapsed time: 0.914669	Commits: 0	Aborts: 0	P-state: 11	Best-threads: 1	Steps: 0	Throughput: 0.000000
