Effective_runtime: 0.839680	Effective_commits: 1079676	Effective_throughput: 1285818.501954	Effective_energy_per_tx: 46.489274	Pkg_power: 59.776768	Threads: 6	Elapsed time: 0.840296	Commits: 0	Aborts: 0	P-state: 1	Best-threads: 6	Steps: 0	Throughput: 0.000000
Effective_runtime: 0.823479	Effective_commits: 479856	Effective_throughput: 582717.720030	Effective_energy_per_tx: 102.346727	Pkg_power: 59.639251	Threads: 6	Elapsed time: 0.824053	Commits: 0	Aborts: 0	P-state: 1	Best-threads: 6	Steps: 0	Throughput: 0.000000
Effective_runtime: 0.827084	Effective_commits: 419874	Effective_throughput: 507655.652270	Effective_energy_per_tx: 117.836244	Pkg_power: 59.820235	Threads: 6	Elapsed time: 0.827623	Commits: 0	Aborts: 0	P-state: 1	Best-threads: 6	Steps: 0	Throughput: 0.000000
