Effective_runtime: 1.002397	Effective_commits: 699790	Effective_throughput: 698116.473096	Effective_energy_per_tx: 69.935962	Pkg_power: 48.823447	Threads: 7	Elapsed time: 1.003060	Commits: 0	Aborts: 0	P-state: 4	Best-threads: 7	Steps: 0	Throughput: 0.000000
Effective_runtime: 1.100795	Effective_commits: 979699	Effective_throughput: 889991.893317	Effective_energy_per_tx: 54.465305	Pkg_power: 48.473680	Threads: 7	Elapsed time: 1.101544	Commits: 0	Aborts: 0	P-state: 4	Best-threads: 7	Steps: 0	Throughput: 0.000000
Effective_runtime: 1.068871	Effective_commits: 769769	Effective_throughput: 720170.098192	Effective_energy_per_tx: 67.285988	Pkg_power: 48.457357	Threads: 7	Elapsed time: 1.069688	Commits: 0	Aborts: 0	P-state: 4	Best-threads: 7	Steps: 0	Throughput: 0.000000
