Effective_runtime: 0.948418	Effective_commits: 1199634	Effective_throughput: 1264878.527840	Effective_energy_per_tx: 37.117651	Pkg_power: 46.949320	Threads: 6	Elapsed time: 0.949228	Commits: 0	Aborts: 0	P-state: 4	Best-threads: 6	Steps: 0	Throughput: 0.000000
Effective_runtime: 1.004618	Effective_commits: 779766	Effective_throughput: 776181.370116	Effective_energy_per_tx: 60.317781	Pkg_power: 46.817538	Threads: 6	Elapsed time: 1.005282	Commits: 0	Aborts: 0	P-state: 4	Best-threads: 6	Steps: 0	Throughput: 0.000000
Effective_runtime: 0.950908	Effective_commits: 1379586	Effective_throughput: 1450808.778103	Effective_energy_per_tx: 32.425991	Pkg_power: 47.043912	Threads: 6	Elapsed time: 0.951657	Commits: 0	Aborts: 0	P-state: 4	Best-threads: 6	Steps: 0	Throughput: 0.000000
