Effective_runtime: 1.538339	Effective_commits: 1000100	Effective_throughput: 650116.604306	Effective_energy_per_tx: 90.484556	Pkg_power: 58.825512	Threads: 20	Elapsed time: 1.540101	Commits: 0	Aborts: 0	P-state: 7	Best-threads: 20	Steps: 0	Throughput: 0.000000
Effective_runtime: 1.529059	Effective_commits: 800080	Effective_throughput: 523250.078816	Effective_energy_per_tx: 112.498534	Pkg_power: 58.864867	Threads: 20	Elapsed time: 1.530791	Commits: 0	Aborts: 0	P-state: 7	Best-threads: 20	Steps: 0	Throughput: 0.000000
Effective_runtime: 1.534733	Effective_commits: 1000100	Effective_throughput: 651644.185527	Effective_energy_per_tx: 90.375009	Pkg_power: 58.892349	Threads: 20	Elapsed time: 1.537003	Commits: 0	Aborts: 0	P-state: 7	Best-threads: 20	Steps: 0	Throughput: 0.000000
