Effective_runtime: 1.642953	Effective_commits: 800080	Effective_throughput: 486976.719768	Effective_energy_per_tx: 106.521517	Pkg_power: 51.873499	Threads: 20	Elapsed time: 1.645077	Commits: 0	Aborts: 0	P-state: 9	Best-threads: 20	Steps: 0	Throughput: 0.000000
Effective_runtime: 1.722507	Effective_commits: 800080	Effective_throughput: 464485.688576	Effective_energy_per_tx: 111.161389	Pkg_power: 51.632874	Threads: 20	Elapsed time: 1.724866	Commits: 0	Aborts: 0	P-state: 9	Best-threads: 20	Steps: 0	Throughput: 0.000000
Effective_runtime: 1.704198	Effective_commits: 800080	Effective_throughput: 469476.091920	Effective_energy_per_tx: 110.560638	Pkg_power: 51.905576	Threads: 20	Elapsed time: 1.708940	Commits: 0	Aborts: 0	P-state: 9	Best-threads: 20	Steps: 0	Throughput: 0.000000
