Effective_runtime: 1.927139	Effective_commits: 640048	Effective_throughput: 332123.436125	Effective_energy_per_tx: 136.605253	Pkg_power: 45.369806	Threads: 16	Elapsed time: 1.949775	Commits: 0	Aborts: 0	P-state: 11	Best-threads: 16	Steps: 0	Throughput: 0.000000
Effective_runtime: 1.725645	Effective_commits: 800080	Effective_throughput: 463641.186366	Effective_energy_per_tx: 98.170092	Pkg_power: 45.515698	Threads: 16	Elapsed time: 1.727595	Commits: 0	Aborts: 0	P-state: 11	Best-threads: 16	Steps: 0	Throughput: 0.000000
Effective_runtime: 1.818362	Effective_commits: 480048	Effective_throughput: 264000.234673	Effective_energy_per_tx: 171.647969	Pkg_power: 45.315104	Threads: 16	Elapsed time: 1.839064	Commits: 0	Aborts: 0	P-state: 11	Best-threads: 16	Steps: 0	Throughput: 0.000000
