Effective_runtime: 0.965177	Effective_commits: 640064	Effective_throughput: 663157.110785	Effective_energy_per_tx: 126.778760	Pkg_power: 84.074236	Threads: 16	Elapsed time: 0.966550	Commits: 0	Aborts: 0	P-state: 0	Best-threads: 16	Steps: 0	Throughput: 0.000000
Effective_runtime: 0.962410	Effective_commits: 800080	Effective_throughput: 831329.481510	Effective_energy_per_tx: 100.606976	Pkg_power: 83.637545	Threads: 16	Elapsed time: 0.963431	Commits: 0	Aborts: 0	P-state: 0	Best-threads: 16	Steps: 0	Throughput: 0.000000
Effective_runtime: 0.955951	Effective_commits: 800080	Effective_throughput: 836947.012914	Effective_energy_per_tx: 100.357827	Pkg_power: 83.994183	Threads: 16	Elapsed time: 0.957104	Commits: 0	Aborts: 0	P-state: 0	Best-threads: 16	Steps: 0	Throughput: 0.000000
