Effective_runtime: 1.776563	Effective_commits: 979706	Effective_throughput: 551461.516583	Effective_energy_per_tx: 79.879977	Pkg_power: 44.050733	Threads: 14	Elapsed time: 1.786120	Commits: 0	Aborts: 0	P-state: 11	Best-threads: 14	Steps: 0	Throughput: 0.000000
Effective_runtime: 1.888175	Effective_commits: 979706	Effective_throughput: 518863.889261	Effective_energy_per_tx: 84.950332	Pkg_power: 44.077660	Threads: 14	Elapsed time: 1.913213	Commits: 0	Aborts: 0	P-state: 11	Best-threads: 14	Steps: 0	Throughput: 0.000000
Effective_runtime: 1.714139	Effective_commits: 979706	Effective_throughput: 571543.947276	Effective_energy_per_tx: 78.091863	Pkg_power: 44.632932	Threads: 14	Elapsed time: 1.756262	Commits: 0	Aborts: 0	P-state: 11	Best-threads: 14	Steps: 0	Throughput: 0.000000
