Effective_runtime: 1.008065	Effective_commits: 1229991	Effective_throughput: 1220150.106266	Effective_energy_per_tx: 32.162207	Pkg_power: 39.242720	Threads: 3	Elapsed time: 1.008688	Commits: 0	Aborts: 0	P-state: 7	Best-threads: 3	Steps: 0	Throughput: 0.000000
Effective_runtime: 1.043740	Effective_commits: 1499985	Effective_throughput: 1437125.705131	Effective_energy_per_tx: 27.178832	Pkg_power: 39.059398	Threads: 3	Elapsed time: 1.044356	Commits: 0	Aborts: 0	P-state: 7	Best-threads: 3	Steps: 0	Throughput: 0.000000
Effective_runtime: 1.049680	Effective_commits: 1349994	Effective_throughput: 1286100.546703	Effective_energy_per_tx: 30.455153	Pkg_power: 39.168389	Threads: 3	Elapsed time: 1.050341	Commits: 0	Aborts: 0	P-state: 7	Best-threads: 3	Steps: 0	Throughput: 0.000000
