Effective_runtime: 1.078881	Effective_commits: 1120104	Effective_throughput: 1038208.753219	Effective_energy_per_tx: 38.543075	Pkg_power: 40.015757	Threads: 4	Elapsed time: 1.079725	Commits: 0	Aborts: 0	P-state: 8	Best-threads: 4	Steps: 0	Throughput: 0.000000
Effective_runtime: 1.069019	Effective_commits: 1160116	Effective_throughput: 1085215.360427	Effective_energy_per_tx: 36.533160	Pkg_power: 39.646347	Threads: 4	Elapsed time: 1.069821	Commits: 0	Aborts: 0	P-state: 8	Best-threads: 4	Steps: 0	Throughput: 0.000000
Effective_runtime: 1.060874	Effective_commits: 1000100	Effective_throughput: 942713.658814	Effective_energy_per_tx: 41.200914	Pkg_power: 38.840664	Threads: 4	Elapsed time: 1.061703	Commits: 0	Aborts: 0	P-state: 8	Best-threads: 4	Steps: 0	Throughput: 0.000000
