Effective_runtime: 1.088297	Effective_commits: 809991	Effective_throughput: 744273.760758	Effective_energy_per_tx: 73.529682	Pkg_power: 54.726213	Threads: 9	Elapsed time: 1.089167	Commits: 0	Aborts: 0	P-state: 2	Best-threads: 9	Steps: 0	Throughput: 0.000000
Effective_runtime: 1.083903	Effective_commits: 810000	Effective_throughput: 747299.397674	Effective_energy_per_tx: 72.144425	Pkg_power: 53.913485	Threads: 9	Elapsed time: 1.084685	Commits: 0	Aborts: 0	P-state: 2	Best-threads: 9	Steps: 0	Throughput: 0.000000
Effective_runtime: 1.097727	Effective_commits: 1350000	Effective_throughput: 1229813.510806	Effective_energy_per_tx: 44.309015	Pkg_power: 54.491825	Threads: 9	Elapsed time: 1.098473	Commits: 0	Aborts: 0	P-state: 2	Best-threads: 9	Steps: 0	Throughput: 0.000000
