Effective_runtime: 1.693862	Effective_commits: 679796	Effective_throughput: 401329.045261	Effective_energy_per_tx: 118.985013	Pkg_power: 47.752142	Threads: 17	Elapsed time: 1.696013	Commits: 0	Aborts: 0	P-state: 10	Best-threads: 17	Steps: 0	Throughput: 0.000000
Effective_runtime: 1.864104	Effective_commits: 849745	Effective_throughput: 455846.277201	Effective_energy_per_tx: 102.643051	Pkg_power: 46.789452	Threads: 17	Elapsed time: 1.867821	Commits: 0	Aborts: 0	P-state: 10	Best-threads: 17	Steps: 0	Throughput: 0.000000
Effective_runtime: 1.683981	Effective_commits: 849745	Effective_throughput: 504604.796308	Effective_energy_per_tx: 95.346173	Pkg_power: 48.112136	Threads: 17	Elapsed time: 1.745747	Commits: 0	Aborts: 0	P-state: 10	Best-threads: 17	Steps: 0	Throughput: 0.000000
