Effective_runtime: 1.185729	Effective_commits: 1210000	Effective_throughput: 1020469.568718	Effective_energy_per_tx: 52.996539	Pkg_power: 54.081355	Threads: 11	Elapsed time: 1.186714	Commits: 0	Aborts: 0	P-state: 4	Best-threads: 11	Steps: 0	Throughput: 0.000000
Effective_runtime: 1.187862	Effective_commits: 1100000	Effective_throughput: 926033.337219	Effective_energy_per_tx: 58.769825	Pkg_power: 54.422818	Threads: 11	Elapsed time: 1.188977	Commits: 0	Aborts: 0	P-state: 4	Best-threads: 11	Steps: 0	Throughput: 0.000000
Effective_runtime: 1.206727	Effective_commits: 990000	Effective_throughput: 820400.744549	Effective_energy_per_tx: 67.083876	Pkg_power: 55.035662	Threads: 11	Elapsed time: 1.207616	Commits: 0	Aborts: 0	P-state: 4	Best-threads: 11	Steps: 0	Throughput: 0.000000
