Effective_runtime: 0.263239	Effective_commits: 959694	Effective_throughput: 3645709.962521	Effective_energy_per_tx: 16.013249	Pkg_power: 58.379661	Threads: 6	Elapsed time: 0.744945	Commits: 0	Aborts: 0	P-state: 1	Best-threads: 6	Steps: 0	Throughput: 0.000000
Effective_runtime: 0.253834	Effective_commits: 719778	Effective_throughput: 2835624.991244	Effective_energy_per_tx: 20.509167	Pkg_power: 58.156306	Threads: 6	Elapsed time: 0.736279	Commits: 0	Aborts: 0	P-state: 1	Best-threads: 6	Steps: 0	Throughput: 0.000000
Effective_runtime: 0.251573	Effective_commits: 719778	Effective_throughput: 2861106.450552	Effective_energy_per_tx: 20.321596	Pkg_power: 58.142250	Threads: 6	Elapsed time: 0.733688	Commits: 0	Aborts: 0	P-state: 1	Best-threads: 6	Steps: 0	Throughput: 0.000000
