Effective_runtime: 0.385658	Effective_commits: 659994	Effective_throughput: 1711344.095960	Effective_energy_per_tx: 26.203952	Pkg_power: 44.843978	Threads: 3	Elapsed time: 0.898010	Commits: 0	Aborts: 0	P-state: 2	Best-threads: 3	Steps: 0	Throughput: 0.000000
Effective_runtime: 0.275823	Effective_commits: 1139985	Effective_throughput: 4133025.975725	Effective_energy_per_tx: 10.798036	Pkg_power: 44.628563	Threads: 3	Elapsed time: 0.789586	Commits: 0	Aborts: 0	P-state: 2	Best-threads: 3	Steps: 0	Throughput: 0.000000
Effective_runtime: 0.242667	Effective_commits: 869982	Effective_throughput: 3585083.297116	Effective_energy_per_tx: 12.403270	Pkg_power: 44.466758	Threads: 3	Elapsed time: 0.755859	Commits: 0	Aborts: 0	P-state: 2	Best-threads: 3	Steps: 0	Throughput: 0.000000
