Effective_runtime: 0.453659	Effective_commits: 160016	Effective_throughput: 352722.704239	Effective_energy_per_tx: 206.313144	Pkg_power: 72.771330	Threads: 16	Elapsed time: 0.812699	Commits: 0	Aborts: 0	P-state: 0	Best-threads: 16	Steps: 0	Throughput: 0.000000
Effective_runtime: 0.549723	Effective_commits: 320032	Effective_throughput: 582169.815329	Effective_energy_per_tx: 139.159428	Pkg_power: 81.014418	Threads: 16	Elapsed time: 0.909507	Commits: 0	Aborts: 0	P-state: 0	Best-threads: 16	Steps: 0	Throughput: 0.000000
Effective_runtime: 0.568303	Effective_commits: 640064	Effective_throughput: 1126273.001362	Effective_energy_per_tx: 72.367971	Pkg_power: 81.506092	Threads: 16	Elapsed time: 0.944320	Commits: 0	Aborts: 0	P-state: 0	Best-threads: 16	Steps: 0	Throughput: 0.000000
