Effective_runtime: 0.300255	Effective_commits: 500050	Effective_throughput: 1665420.479421	Effective_energy_per_tx: 39.087787	Pkg_power: 65.097601	Threads: 10	Elapsed time: 0.783288	Commits: 0	Aborts: 0	P-state: 1	Best-threads: 10	Steps: 0	Throughput: 0.000000
Effective_runtime: 0.296025	Effective_commits: 600060	Effective_throughput: 2027058.730890	Effective_energy_per_tx: 31.700238	Pkg_power: 64.258245	Threads: 10	Elapsed time: 0.777776	Commits: 0	Aborts: 0	P-state: 1	Best-threads: 10	Steps: 0	Throughput: 0.000000
Effective_runtime: 0.324441	Effective_commits: 500050	Effective_throughput: 1541264.035004	Effective_energy_per_tx: 42.464518	Pkg_power: 65.449034	Threads: 10	Elapsed time: 0.806724	Commits: 0	Aborts: 0	P-state: 1	Best-threads: 10	Steps: 0	Throughput: 0.000000
