Effective_runtime: 0.387795	Effective_commits: 629811	Effective_throughput: 1624082.680074	Effective_energy_per_tx: 30.945989	Pkg_power: 50.258844	Threads: 7	Elapsed time: 0.901412	Commits: 0	Aborts: 0	P-state: 2	Best-threads: 7	Steps: 0	Throughput: 0.000000
Effective_runtime: 0.291952	Effective_commits: 419874	Effective_throughput: 1438160.392708	Effective_energy_per_tx: 34.727852	Pkg_power: 49.944221	Threads: 7	Elapsed time: 0.805225	Commits: 0	Aborts: 0	P-state: 2	Best-threads: 7	Steps: 0	Throughput: 0.000000
Effective_runtime: 0.285093	Effective_commits: 629811	Effective_throughput: 2209145.704884	Effective_energy_per_tx: 22.679755	Pkg_power: 50.102883	Threads: 7	Elapsed time: 0.798608	Commits: 0	Aborts: 0	P-state: 2	Best-threads: 7	Steps: 0	Throughput: 0.000000
