Effective_runtime: 0.473429	Effective_commits: 0	Effective_throughput: 0.000000	Effective_energy_per_tx: inf	Pkg_power: 69.685635	Threads: 17	Elapsed time: 0.832997	Commits: 0	Aborts: 0	P-state: 0	Best-threads: 0	Steps: 0	Throughput: 0.000000
Effective_runtime: 0.432072	Effective_commits: 169949	Effective_throughput: 393335.075559	Effective_energy_per_tx: 195.302379	Pkg_power: 76.819276	Threads: 17	Elapsed time: 0.792015	Commits: 0	Aborts: 0	P-state: 0	Best-threads: 17	Steps: 0	Throughput: 0.000000
Effective_runtime: 0.509008	Effective_commits: 169949	Effective_throughput: 333882.985826	Effective_energy_per_tx: 241.731625	Pkg_power: 80.710077	Threads: 17	Elapsed time: 0.867509	Commits: 0	Aborts: 0	P-state: 0	Best-threads: 17	Steps: 0	Throughput: 0.000000
