Effective_runtime: 0.461123	Effective_commits: 179838	Effective_throughput: 389999.771580	Effective_energy_per_tx: 172.405432	Pkg_power: 67.238079	Threads: 18	Elapsed time: 0.943883	Commits: 0	Aborts: 0	P-state: 1	Best-threads: 18	Steps: 0	Throughput: 0.000000
Effective_runtime: 0.557924	Effective_commits: 359676	Effective_throughput: 644668.195261	Effective_energy_per_tx: 119.003790	Pkg_power: 76.717958	Threads: 18	Elapsed time: 1.041556	Commits: 0	Aborts: 0	P-state: 1	Best-threads: 18	Steps: 0	Throughput: 0.000000
Effective_runtime: 0.514316	Effective_commits: 179838	Effective_throughput: 349664.097275	Effective_energy_per_tx: 207.365190	Pkg_power: 72.508162	Threads: 18	Elapsed time: 0.997118	Commits: 0	Aborts: 0	P-state: 1	Best-threads: 18	Steps: 0	Throughput: 0.000000
