Effective_runtime: 0.342970	Effective_commits: 279916	Effective_throughput: 816152.454699	Effective_energy_per_tx: 80.415071	Pkg_power: 65.630958	Threads: 14	Elapsed time: 0.825187	Commits: 0	Aborts: 0	P-state: 1	Best-threads: 14	Steps: 0	Throughput: 0.000000
Effective_runtime: 0.426227	Effective_commits: 139958	Effective_throughput: 328364.640320	Effective_energy_per_tx: 201.609390	Pkg_power: 66.201395	Threads: 14	Elapsed time: 0.907742	Commits: 0	Aborts: 0	P-state: 1	Best-threads: 14	Steps: 0	Throughput: 0.000000
Effective_runtime: 0.449604	Effective_commits: 139958	Effective_throughput: 311291.971356	Effective_energy_per_tx: 217.229440	Pkg_power: 67.621781	Threads: 14	Elapsed time: 0.932323	Commits: 0	Aborts: 0	P-state: 1	Best-threads: 14	Steps: 0	Throughput: 0.000000
