Effective_runtime: 0.301632	Effective_commits: 540000	Effective_throughput: 1790261.799332	Effective_energy_per_tx: 34.686870	Pkg_power: 62.098579	Threads: 9	Elapsed time: 0.784324	Commits: 0	Aborts: 0	P-state: 1	Best-threads: 9	Steps: 0	Throughput: 0.000000
Effective_runtime: 0.290772	Effective_commits: 720000	Effective_throughput: 2476164.228195	Effective_energy_per_tx: 26.587525	Pkg_power: 65.835078	Threads: 9	Elapsed time: 0.773718	Commits: 0	Aborts: 0	P-state: 1	Best-threads: 9	Steps: 0	Throughput: 0.000000
Effective_runtime: 0.292056	Effective_commits: 450000	Effective_throughput: 1540801.760853	Effective_energy_per_tx: 40.576747	Pkg_power: 62.520723	Threads: 9	Elapsed time: 0.775421	Commits: 0	Aborts: 0	P-state: 1	Best-threads: 9	Steps: 0	Throughput: 0.000000
