Effective_runtime: 0.643401	Effective_commits: 649870	Effective_throughput: 1010054.627780	Effective_energy_per_tx: 57.976064	Pkg_power: 58.558992	Threads: 13	Elapsed time: 1.156175	Commits: 0	Aborts: 0	P-state: 2	Best-threads: 13	Steps: 0	Throughput: 0.000000
Effective_runtime: 0.422713	Effective_commits: 259948	Effective_throughput: 614951.880716	Effective_energy_per_tx: 89.556023	Pkg_power: 55.072645	Threads: 13	Elapsed time: 0.936204	Commits: 0	Aborts: 0	P-state: 2	Best-threads: 13	Steps: 0	Throughput: 0.000000
Effective_runtime: 0.421297	Effective_commits: 259948	Effective_throughput: 617018.474105	Effective_energy_per_tx: 88.673423	Pkg_power: 54.713140	Threads: 13	Elapsed time: 0.935210	Commits: 0	Aborts: 0	P-state: 2	Best-threads: 13	Steps: 0	Throughput: 0.000000
