Effective_runtime: 0.496078	Effective_commits: 149865	Effective_throughput: 302099.887824	Effective_energy_per_tx: 194.841604	Pkg_power: 58.861627	Threads: 15	Elapsed time: 1.009635	Commits: 0	Aborts: 0	P-state: 2	Best-threads: 15	Steps: 0	Throughput: 0.000000
Effective_runtime: 0.497457	Effective_commits: 149865	Effective_throughput: 301262.501256	Effective_energy_per_tx: 186.935756	Pkg_power: 56.316733	Threads: 15	Elapsed time: 1.012562	Commits: 0	Aborts: 0	P-state: 2	Best-threads: 15	Steps: 0	Throughput: 0.000000
Effective_runtime: 0.501848	Effective_commits: 149865	Effective_throughput: 298626.524226	Effective_energy_per_tx: 194.029513	Pkg_power: 57.942359	Threads: 15	Elapsed time: 1.014340	Commits: 0	Aborts: 0	P-state: 2	Best-threads: 15	Steps: 0	Throughput: 0.000000
