Effective_runtime: 0.436842	Effective_commits: 139958	Effective_throughput: 320386.085492	Effective_energy_per_tx: 172.334758	Pkg_power: 55.213658	Threads: 14	Elapsed time: 0.950645	Commits: 0	Aborts: 0	P-state: 2	Best-threads: 14	Steps: 0	Throughput: 0.000000
Effective_runtime: 0.616285	Effective_commits: 139958	Effective_throughput: 227099.492031	Effective_energy_per_tx: 254.205512	Pkg_power: 57.729943	Threads: 14	Elapsed time: 1.129937	Commits: 0	Aborts: 0	P-state: 2	Best-threads: 14	Steps: 0	Throughput: 0.000000
Effective_runtime: 0.451656	Effective_commits: 139958	Effective_throughput: 309877.288877	Effective_energy_per_tx: 180.437403	Pkg_power: 55.913453	Threads: 14	Elapsed time: 0.965579	Commits: 0	Aborts: 0	P-state: 2	Best-threads: 14	Steps: 0	Throughput: 0.000000
