Effective_runtime: 0.412590	Effective_commits: 149865	Effective_throughput: 363229.765931	Effective_energy_per_tx: 189.361018	Pkg_power: 68.781558	Threads: 15	Elapsed time: 0.895202	Commits: 0	Aborts: 0	P-state: 1	Best-threads: 15	Steps: 0	Throughput: 0.000000
Effective_runtime: 0.436263	Effective_commits: 149865	Effective_throughput: 343519.577607	Effective_energy_per_tx: 201.772062	Pkg_power: 69.312653	Threads: 15	Elapsed time: 0.918715	Commits: 0	Aborts: 0	P-state: 1	Best-threads: 15	Steps: 0	Throughput: 0.000000
Effective_runtime: 0.441462	Effective_commits: 299730	Effective_throughput: 678947.998516	Effective_energy_per_tx: 103.237384	Pkg_power: 70.092815	Threads: 15	Elapsed time: 0.924305	Commits: 0	Aborts: 0	P-state: 1	Best-threads: 15	Steps: 0	Throughput: 0.000000
