Effective_runtime: 0.277291	Effective_commits: 479844	Effective_throughput: 1730471.526191	Effective_energy_per_tx: 39.234605	Pkg_power: 67.894368	Threads: 12	Elapsed time: 0.635312	Commits: 0	Aborts: 0	P-state: 0	Best-threads: 12	Steps: 0	Throughput: 0.000000
Effective_runtime: 0.300322	Effective_commits: 239928	Effective_throughput: 798902.372977	Effective_energy_per_tx: 86.236279	Pkg_power: 68.894368	Threads: 12	Elapsed time: 0.658140	Commits: 0	Aborts: 0	P-state: 0	Best-threads: 12	Steps: 0	Throughput: 0.000000
Effective_runtime: 0.322103	Effective_commits: 0	Effective_throughput: 0.000000	Effective_energy_per_tx: inf	Pkg_power: 71.327149	Threads: 12	Elapsed time: 0.681640	Commits: 0	Aborts: 0	P-state: 0	Best-threads: 0	Steps: 0	Throughput: 0.000000
