Effective_runtime: 0.173690	Effective_commits: 1410000	Effective_throughput: 8117889.160898	Effective_energy_per_tx: 6.600481	Pkg_power: 53.581972	Threads: 1	Elapsed time: 0.534711	Commits: 0	Aborts: 0	P-state: 0	Best-threads: 1	Steps: 0	Throughput: 0.000000
Effective_runtime: 0.174180	Effective_commits: 1410000	Effective_throughput: 8095078.987705	Effective_energy_per_tx: 6.575201	Pkg_power: 53.226775	Threads: 1	Elapsed time: 0.531120	Commits: 0	Aborts: 0	P-state: 0	Best-threads: 1	Steps: 0	Throughput: 0.000000
Effective_runtime: 0.173581	Effective_commits: 1410000	Effective_throughput: 8123020.507038	Effective_energy_per_tx: 6.595459	Pkg_power: 53.575048	Threads: 1	Elapsed time: 0.530788	Commits: 0	Aborts: 0	P-state: 0	Best-threads: 1	Steps: 0	Throughput: 0.000000
