Effective_runtime: 0.383596	Effective_commits: 119964	Effective_throughput: 312735.030618	Effective_energy_per_tx: 175.214873	Pkg_power: 54.795829	Threads: 12	Elapsed time: 0.896570	Commits: 0	Aborts: 0	P-state: 2	Best-threads: 12	Steps: 0	Throughput: 0.000000
Effective_runtime: 0.631766	Effective_commits: 359892	Effective_throughput: 569660.400127	Effective_energy_per_tx: 98.654188	Pkg_power: 56.199384	Threads: 12	Elapsed time: 1.144637	Commits: 0	Aborts: 0	P-state: 2	Best-threads: 12	Steps: 0	Throughput: 0.000000
Effective_runtime: 0.557692	Effective_commits: 119964	Effective_throughput: 215108.079877	Effective_energy_per_tx: 262.866585	Pkg_power: 56.544726	Threads: 12	Elapsed time: 1.071419	Commits: 0	Aborts: 0	P-state: 2	Best-threads: 12	Steps: 0	Throughput: 0.000000
