Effective_runtime: 0.323855	Effective_commits: 119964	Effective_throughput: 370425.480834	Effective_energy_per_tx: 182.151037	Pkg_power: 67.473385	Threads: 12	Elapsed time: 0.807506	Commits: 0	Aborts: 0	P-state: 1	Best-threads: 12	Steps: 0	Throughput: 0.000000
Effective_runtime: 0.332018	Effective_commits: 479856	Effective_throughput: 1445269.250445	Effective_energy_per_tx: 45.503291	Pkg_power: 65.764507	Threads: 12	Elapsed time: 0.815897	Commits: 0	Aborts: 0	P-state: 1	Best-threads: 12	Steps: 0	Throughput: 0.000000
Effective_runtime: 0.362728	Effective_commits: 239928	Effective_throughput: 661453.882515	Effective_energy_per_tx: 99.948855	Pkg_power: 66.111559	Threads: 12	Elapsed time: 0.845750	Commits: 0	Aborts: 0	P-state: 1	Best-threads: 12	Steps: 0	Throughput: 0.000000
