Effective_runtime: 0.306268	Effective_commits: 600060	Effective_throughput: 1959261.242861	Effective_energy_per_tx: 27.383257	Pkg_power: 53.650954	Threads: 10	Elapsed time: 0.820609	Commits: 0	Aborts: 0	P-state: 2	Best-threads: 10	Steps: 0	Throughput: 0.000000
Effective_runtime: 0.313697	Effective_commits: 600060	Effective_throughput: 1912864.827898	Effective_energy_per_tx: 28.129339	Pkg_power: 53.807623	Threads: 10	Elapsed time: 0.826949	Commits: 0	Aborts: 0	P-state: 2	Best-threads: 10	Steps: 0	Throughput: 0.000000
Effective_runtime: 0.319392	Effective_commits: 400040	Effective_throughput: 1252506.147265	Effective_energy_per_tx: 43.044136	Pkg_power: 53.913044	Threads: 10	Elapsed time: 0.833048	Commits: 0	Aborts: 0	P-state: 2	Best-threads: 10	Steps: 0	Throughput: 0.000000
