Effective_runtime: 0.284980	Effective_commits: 720072	Effective_throughput: 2526742.624442	Effective_energy_per_tx: 24.439106	Pkg_power: 61.751331	Threads: 8	Elapsed time: 0.767344	Commits: 0	Aborts: 0	P-state: 1	Best-threads: 8	Steps: 0	Throughput: 0.000000
Effective_runtime: 0.284939	Effective_commits: 800080	Effective_throughput: 2807900.446663	Effective_energy_per_tx: 21.794029	Pkg_power: 61.195465	Threads: 8	Elapsed time: 0.767121	Commits: 0	Aborts: 0	P-state: 1	Best-threads: 8	Steps: 0	Throughput: 0.000000
Effective_runtime: 0.283122	Effective_commits: 560048	Effective_throughput: 1978118.599436	Effective_energy_per_tx: 30.726854	Pkg_power: 60.781361	Threads: 8	Elapsed time: 0.765257	Commits: 0	Aborts: 0	P-state: 1	Best-threads: 8	Steps: 0	Throughput: 0.000000
