Effective_runtime: 0.348981	Effective_commits: 220000	Effective_throughput: 630406.251182	Effective_energy_per_tx: 85.855995	Pkg_power: 54.124156	Threads: 11	Elapsed time: 0.861618	Commits: 0	Aborts: 0	P-state: 2	Best-threads: 11	Steps: 0	Throughput: 0.000000
Effective_runtime: 0.327894	Effective_commits: 220000	Effective_throughput: 670949.528627	Effective_energy_per_tx: 81.019523	Pkg_power: 54.360011	Threads: 11	Elapsed time: 0.841097	Commits: 0	Aborts: 0	P-state: 2	Best-threads: 11	Steps: 0	Throughput: 0.000000
Effective_runtime: 0.347946	Effective_commits: 220000	Effective_throughput: 632282.876668	Effective_energy_per_tx: 85.493109	Pkg_power: 54.055829	Threads: 11	Elapsed time: 0.862237	Commits: 0	Aborts: 0	P-state: 2	Best-threads: 11	Steps: 0	Throughput: 0.000000
