Effective_runtime: 0.458479	Effective_commits: 0	Effective_throughput: 0.000000	Effective_energy_per_tx: inf	Pkg_power: 73.214313	Threads: 19	Elapsed time: 0.817918	Commits: 0	Aborts: 0	P-state: 0	Best-threads: 0	Steps: 0	Throughput: 0.000000
Effective_runtime: 0.565517	Effective_commits: 379810	Effective_throughput: 671614.945075	Effective_energy_per_tx: 128.310576	Pkg_power: 86.175301	Threads: 19	Elapsed time: 0.924934	Commits: 0	Aborts: 0	P-state: 0	Best-threads: 19	Steps: 0	Throughput: 0.000000
Effective_runtime: 0.534920	Effective_commits: 189905	Effective_throughput: 355015.463031	Effective_energy_per_tx: 241.781907	Pkg_power: 85.836316	Threads: 19	Elapsed time: 0.896418	Commits: 0	Aborts: 0	P-state: 0	Best-threads: 19	Steps: 0	Throughput: 0.000000
