Effective_runtime: 0.541066	Effective_commits: 50005	Effective_throughput: 92419.360582	Effective_energy_per_tx: 616.627417	Pkg_power: 56.988312	Threads: 5	Elapsed time: 0.574114	Commits: 0	Aborts: 0	P-state: 1	Best-threads: 5	Steps: 0	Throughput: 0.000000
Effective_runtime: 0.540363	Effective_commits: 100005	Effective_throughput: 185070.054748	Effective_energy_per_tx: 312.464657	Pkg_power: 57.827851	Threads: 5	Elapsed time: 0.565421	Commits: 0	Aborts: 0	P-state: 1	Best-threads: 5	Steps: 0	Throughput: 0.000000
Effective_runtime: 0.540633	Effective_commits: 50005	Effective_throughput: 92493.475705	Effective_energy_per_tx: 616.732407	Pkg_power: 57.043724	Threads: 5	Elapsed time: 0.581882	Commits: 0	Aborts: 0	P-state: 1	Best-threads: 5	Steps: 0	Throughput: 0.000000
