Effective_runtime: 0.473514	Effective_commits: 110000	Effective_throughput: 232305.793070	Effective_energy_per_tx: 213.382255	Pkg_power: 49.569934	Threads: 1	Elapsed time: 0.473910	Commits: 0	Aborts: 0	P-state: 1	Best-threads: 1	Steps: 0	Throughput: 0.000000
Effective_runtime: 0.476395	Effective_commits: 110000	Effective_throughput: 230900.793197	Effective_energy_per_tx: 214.900345	Pkg_power: 49.620660	Threads: 1	Elapsed time: 0.476793	Commits: 0	Aborts: 0	P-state: 1	Best-threads: 1	Steps: 0	Throughput: 0.000000
Effective_runtime: 0.474890	Effective_commits: 110000	Effective_throughput: 231632.786143	Effective_energy_per_tx: 213.319536	Pkg_power: 49.411799	Threads: 1	Elapsed time: 0.475288	Commits: 0	Aborts: 0	P-state: 1	Best-threads: 1	Steps: 0	Throughput: 0.000000
