Effective_runtime: 0.520110	Effective_commits: 110000	Effective_throughput: 211493.810314	Effective_energy_per_tx: 198.276082	Pkg_power: 41.934164	Threads: 1	Elapsed time: 0.520456	Commits: 0	Aborts: 0	P-state: 2	Best-threads: 1	Steps: 0	Throughput: 0.000000
Effective_runtime: 0.536667	Effective_commits: 110000	Effective_throughput: 204968.895085	Effective_energy_per_tx: 199.650482	Pkg_power: 40.922139	Threads: 1	Elapsed time: 0.537087	Commits: 0	Aborts: 0	P-state: 2	Best-threads: 1	Steps: 0	Throughput: 0.000000
Effective_runtime: 0.535061	Effective_commits: 110000	Effective_throughput: 205584.091925	Effective_energy_per_tx: 198.376509	Pkg_power: 40.783054	Threads: 1	Elapsed time: 0.535480	Commits: 0	Aborts: 0	P-state: 2	Best-threads: 1	Steps: 0	Throughput: 0.000000
