Effective_runtime: 0.620758	Effective_commits: 40004	Effective_throughput: 64443.755642	Effective_energy_per_tx: 654.681407	Pkg_power: 42.190129	Threads: 2	Elapsed time: 0.621315	Commits: 0	Aborts: 0	P-state: 2	Best-threads: 2	Steps: 0	Throughput: 0.000000
Effective_runtime: 0.458992	Effective_commits: 40002	Effective_throughput: 87151.860784	Effective_energy_per_tx: 501.324059	Pkg_power: 43.691325	Threads: 2	Elapsed time: 0.633855	Commits: 0	Aborts: 0	P-state: 2	Best-threads: 2	Steps: 0	Throughput: 0.000000
Effective_runtime: 0.450149	Effective_commits: 40004	Effective_throughput: 88868.391173	Effective_energy_per_tx: 484.136111	Pkg_power: 43.024397	Threads: 2	Elapsed time: 0.630394	Commits: 0	Aborts: 0	P-state: 2	Best-threads: 2	Steps: 0	Throughput: 0.000000
