Effective_runtime: 0.487006	Effective_commits: 80006	Effective_throughput: 164281.326690	Effective_energy_per_tx: 315.637140	Pkg_power: 51.853288	Threads: 2	Elapsed time: 0.578608	Commits: 0	Aborts: 0	P-state: 1	Best-threads: 2	Steps: 0	Throughput: 0.000000
Effective_runtime: 0.447784	Effective_commits: 60006	Effective_throughput: 134006.475841	Effective_energy_per_tx: 396.274873	Pkg_power: 53.103399	Threads: 2	Elapsed time: 0.559544	Commits: 0	Aborts: 0	P-state: 1	Best-threads: 2	Steps: 0	Throughput: 0.000000
Effective_runtime: 0.432765	Effective_commits: 60006	Effective_throughput: 138657.135749	Effective_energy_per_tx: 376.267573	Pkg_power: 52.172184	Threads: 2	Elapsed time: 0.563461	Commits: 0	Aborts: 0	P-state: 1	Best-threads: 2	Steps: 0	Throughput: 0.000000
