Effective_runtime: 0.451121	Effective_commits: 60000	Effective_throughput: 133002.021750	Effective_energy_per_tx: 410.587533	Pkg_power: 54.608972	Threads: 3	Elapsed time: 0.558603	Commits: 0	Aborts: 0	P-state: 1	Best-threads: 3	Steps: 0	Throughput: 0.000000
Effective_runtime: 0.520228	Effective_commits: 90000	Effective_throughput: 173001.047812	Effective_energy_per_tx: 316.707900	Pkg_power: 54.790799	Threads: 3	Elapsed time: 0.563241	Commits: 0	Aborts: 0	P-state: 1	Best-threads: 3	Steps: 0	Throughput: 0.000000
Effective_runtime: 0.560022	Effective_commits: 90000	Effective_throughput: 160707.840756	Effective_energy_per_tx: 335.782022	Pkg_power: 53.962804	Threads: 3	Elapsed time: 0.580263	Commits: 0	Aborts: 0	P-state: 1	Best-threads: 3	Steps: 0	Throughput: 0.000000
