Effective_runtime: 0.522775	Effective_commits: 110000	Effective_throughput: 210415.502730	Effective_energy_per_tx: 201.527582	Pkg_power: 42.404527	Threads: 1	Elapsed time: 0.523166	Commits: 0	Aborts: 0	P-state: 0	Best-threads: 1	Steps: 0	Throughput: 0.000000
Effective_runtime: 0.403838	Effective_commits: 110000	Effective_throughput: 272386.708301	Effective_energy_per_tx: 189.572500	Pkg_power: 51.637029	Threads: 1	Elapsed time: 0.404174	Commits: 0	Aborts: 0	P-state: 0	Best-threads: 1	Steps: 0	Throughput: 0.000000
Effective_runtime: 0.403991	Effective_commits: 110000	Effective_throughput: 272283.113486	Effective_energy_per_tx: 188.853382	Pkg_power: 51.421587	Threads: 1	Elapsed time: 0.404336	Commits: 0	Aborts: 0	P-state: 0	Best-threads: 1	Steps: 0	Throughput: 0.000000
